#multi:
,mass A,,,,,,,mass B,,,,,,,
t,x,y,r,θ,ω,α,step,x,y,r,θ,ω,α,step,
0.000,45.41,9.369,46.36,11.7,,,0,-45.41,-9.369,46.36,-168.3,,,0
0.033,44.86,11.22,46.24,14.0,78.5,,1,-44.86,-11.22,46.24,-166.0,78.5,,1
0.067,44.37,13.48,46.37,16.9,90.5,483.5,2,-44.37,-13.48,46.37,-163.1,90.5,483.5,2
0.100,43.40,15.87,46.21,20.1,109.3,355.7,3,-43.40,-15.87,46.21,-159.9,109.3,355.7,3
0.133,42.28,18.99,46.35,24.2,118.1,394.8,4,-42.28,-18.99,46.35,-155.8,118.1,394.8,4
0.167,40.89,21.71,46.30,28.0,129.9,509.5,5,-40.89,-21.71,46.30,-152.0,129.9,509.5,5
0.200,38.74,25.02,46.12,32.9,156.2,660.0,6,-38.74,-25.02,46.12,-147.1,156.2,660.0,6
0.234,36.01,28.53,45.94,38.4,173.2,713.2,7,-36.01,-28.53,45.94,-141.6,173.2,713.2,7
0.267,32.89,32.23,46.05,44.4,201.5,528.0,8,-32.89,-32.23,46.05,-135.6,201.5,528.0,8
0.300,28.68,36.49,46.41,51.8,214.6,450.0,9,-28.68,-36.49,46.41,-128.2,214.6,450.0,9
0.334,24.50,40.36,47.22,58.7,223.8,577.2,10,-24.50,-40.36,47.22,-121.3,223.8,577.2,10
0.367,18.10,42.19,45.91,66.8,256.9,1538.0,11,-18.10,-42.19,45.91,-113.2,256.9,1538.0,11
0.400,11.15,44.30,45.68,75.9,321.6,1013.2,12,-11.15,-44.30,45.68,-104.1,321.6,1013.2,12
0.434,1.441,46.85,46.87,88.2,340.5,371.7,13,-1.441,-46.85,46.87,-91.8,340.5,371.7,13
0.467,-7.053,46.65,47.18,98.6,328.3,772.0,14,7.053,-46.65,47.18,-81.4,328.3,772.0,14
0.500,-16.17,44.09,46.96,110.1,394.4,1086.2,15,16.17,-44.09,46.96,-69.9,394.4,1086.2,15
0.534,-26.67,38.20,46.59,124.9,415.9,197.7,16,26.67,-38.20,46.59,-55.1,415.9,197.7,16
0.567,-34.70,31.35,46.76,137.9,392.5,-523.7,17,34.70,-31.35,46.76,-42.1,392.5,-523.7,17
0.601,-41.80,23.06,47.74,151.1,387.1,-164.4,18,41.80,-23.06,47.74,-28.9,387.1,-164.4,18
0.634,-45.61,13.31,47.51,163.7,378.4,-331.3,19,45.61,-13.31,47.51,-16.3,378.4,-331.3,19
0.667,-45.41,2.883,45.50,176.4,367.9,-1083.2,20,45.41,-2.883,45.50,-3.6,367.9,-1083.2,20
0.701,-45.49,-6.620,45.97,188.3,309.8,-272.7,21,45.49,6.620,45.97,8.3,309.8,-272.7,21
0.734,-44.68,-13.69,46.74,197.0,328.3,-559.6,22,44.68,13.69,46.74,17.0,328.3,-559.6,22
0.767,-39.64,-23.06,45.86,210.2,310.0,-1629.9,23,39.64,23.06,45.86,30.2,310.0,-1629.9,23
0.801,-36.79,-28.46,46.51,217.7,191.1,-1854.1,24,36.79,28.46,46.51,37.7,191.1,-1854.1,24
0.834,-34.22,-31.84,46.74,222.9,184.4,-881.9,25,34.22,31.84,46.74,42.9,184.4,-881.9,25
0.868,-29.95,-35.73,46.62,230.0,153.6,-1532.6,26,29.95,35.73,46.62,50.0,153.6,-1532.6,26
0.901,-28.07,-37.51,46.85,233.2,65.5,-1758.4,27,28.07,37.51,46.85,53.2,65.5,-1758.4,27
0.934,-27.50,-38.41,47.24,234.4,36.3,-1158.9,28,27.50,38.41,47.24,54.4,36.3,-1158.9,28
0.968,-26.16,-38.22,46.32,235.6,-2.2,-1826.9,29,26.16,38.22,46.32,55.6,-2.2,-1826.9,29
1.001,-27.73,-38.52,47.46,234.3,-89.7,-2133.6,30,27.73,38.52,47.46,54.3,-89.7,-2133.6,30
1.034,-30.36,-35.71,46.87,229.6,-151.2,-1377.9,31,30.36,35.71,46.87,49.6,-151.2,-1377.9,31
1.068,-33.80,-32.83,47.11,224.2,-176.4,-1282.3,32,33.80,32.83,47.11,44.2,-176.4,-1282.3,32
1.101,-36.88,-28.67,46.71,217.9,-232.4,-1520.4,33,36.88,28.67,46.71,37.9,-232.4,-1520.4,33
1.134,-40.91,-22.36,46.62,208.7,-286.9,-1224.3,34,40.91,22.36,46.62,28.7,-286.9,-1224.3,34
1.168,-44.68,-15.14,47.18,198.7,-309.4,-395.6,35,44.68,15.14,47.18,18.7,-309.4,-395.6,35
1.201,-46.13,-6.486,46.58,188.0,-315.7,-401.3,36,46.13,6.486,46.58,8.0,-315.7,-401.3,36
1.235,-46.19,1.901,46.23,177.6,-330.3,-523.6,37,46.19,-1.901,46.23,-2.4,-330.3,-523.6,37
1.268,-46.13,11.53,47.55,166.0,-356.2,-288.4,38,46.13,-11.53,47.55,-14.0,-356.2,-288.4,38
1.301,-42.70,20.94,47.56,153.9,-350.2,-151.9,39,42.70,-20.94,47.56,-26.1,-350.2,-151.9,39
1.335,-36.76,28.11,46.27,142.6,-359.0,-89.8,40,36.76,-28.11,46.27,-37.4,-359.0,-89.8,40
1.368,-29.21,34.91,45.52,129.9,-365.9,223.3,41,29.21,-34.91,45.52,-50.1,-365.9,223.3,41
1.401,-21.62,40.36,45.79,118.2,-338.9,592.4,42,21.62,-40.36,45.79,-61.8,-338.9,592.4,42
1.435,-13.69,43.96,46.05,107.3,-324.8,801.3,43,13.69,-43.96,46.05,-72.7,-324.8,801.3,43
1.468,-5.244,46.01,46.31,96.5,-291.6,972.9,44,5.244,-46.01,46.31,-83.5,-291.6,972.9,44
1.502,1.735,46.09,46.12,87.8,-252.0,1664.5,45,-1.735,-46.09,46.12,-92.2,-252.0,1664.5,45
1.535,8.235,45.26,46.00,79.7,-190.6,1188.9,46,-8.235,-45.26,46.00,-100.3,-190.6,1188.9,46
1.568,12.25,46.13,47.73,75.1,-155.6,817.4,47,-12.25,-46.13,47.73,-104.9,-155.6,817.4,47
1.602,16.89,44.71,47.79,69.3,-152.3,447.4,48,-16.89,-44.71,47.79,-110.7,-152.3,447.4,48
1.635,20.27,43.39,47.89,65.0,-118.4,931.6,49,-20.27,-43.39,47.89,-115.0,-118.4,931.6,49
1.668,22.85,41.90,47.72,61.4,-92.1,794.1,50,-22.85,-41.90,47.72,-118.6,-92.1,794.1,50
1.702,24.64,40.71,47.58,58.8,-64.7,755.4,51,-24.64,-40.71,47.58,-121.2,-64.7,755.4,51
1.735,25.83,39.90,47.53,57.1,-41.6,692.3,52,-25.83,-39.90,47.53,-122.9,-41.6,692.3,52
1.768,26.55,39.43,47.54,56.0,-19.1,695.6,53,-26.55,-39.43,47.54,-124.0,-19.1,695.6,53
1.802,26.69,39.28,47.49,55.8,5.1,789.1,54,-26.69,-39.28,47.49,-124.2,5.1,789.1,54
1.835,26.31,39.57,47.52,56.4,33.0,846.7,55,-26.31,-39.57,47.52,-123.6,33.0,846.7,55
1.869,25.20,40.34,47.57,58.0,62.5,814.7,56,-25.20,-40.34,47.57,-122.0,62.5,814.7,56
1.902,23.45,41.53,47.70,60.5,87.4,726.7,57,-23.45,-41.53,47.70,-119.5,87.4,726.7,57
1.935,21.06,42.88,47.78,63.8,110.6,760.6,58,-21.06,-42.88,47.78,-116.2,110.6,760.6,58
1.969,18.07,44.55,48.07,67.9,137.7,249.3,59,-18.07,-44.55,48.07,-112.1,137.7,249.3,59
2.002,14.07,46.10,48.20,73.0,132.8,643.5,60,-14.07,-46.10,48.20,-107.0,132.8,643.5,60
2.035,10.77,45.86,47.10,76.8,165.2,1538.0,61,-10.77,-45.86,47.10,-103.2,165.2,1538.0,61
2.069,4.851,46.55,46.80,84.1,248.9,2050.5,62,-4.851,-46.55,46.80,-95.9,248.9,2050.5,62
2.102,-2.792,47.10,47.19,93.4,300.4,554.4,63,2.792,-47.10,47.19,-86.6,300.4,554.4,63
2.135,-11.35,45.17,46.57,104.1,291.5,-406.5,64,11.35,-45.17,46.57,-75.9,291.5,-406.5,64
2.169,-18.31,43.48,47.18,112.8,262.0,251.1,65,18.31,-43.48,47.18,-67.2,262.0,251.1,65
2.202,-24.29,39.50,46.37,121.6,306.1,921.9,66,24.29,-39.50,46.37,-58.4,306.1,921.9,66
2.236,-32.05,34.04,46.76,133.3,337.9,340.1,67,32.05,-34.04,46.76,-46.7,337.9,340.1,67
2.269,-38.10,27.54,47.01,144.1,319.8,-351.4,68,38.10,-27.54,47.01,-35.9,319.8,-351.4,68
2.302,-42.52,20.18,47.07,154.6,314.5,-344.9,69,42.52,-20.18,47.07,-25.4,314.5,-344.9,69
2.336,-45.33,12.04,46.90,165.1,299.9,-220.6,70,45.33,-12.04,46.90,-14.9,299.9,-220.6,70
2.369,-47.53,4.472,47.74,174.6,294.1,-122.3,71,47.53,-4.472,47.74,-5.4,294.1,-122.3,71
2.402,-47.43,-3.938,47.59,184.7,297.4,-820.8,72,47.43,3.938,47.59,4.7,297.4,-820.8,72
2.436,-44.68,-11.53,46.15,194.5,243.2,-1452.9,73,44.68,11.53,46.15,14.5,243.2,-1452.9,73
2.469,-43.24,-16.58,46.31,201.0,188.4,-1035.5,74,43.24,16.58,46.31,21.0,188.4,-1035.5,74
2.502,-41.24,-21.06,46.31,207.0,179.5,-718.3,75,41.24,21.06,46.31,27.0,179.5,-718.3,75
2.536,-38.92,-25.23,46.38,212.9,145.2,-1129.6,76,38.92,25.23,46.38,32.9,145.2,-1129.6,76
2.569,-37.33,-27.86,46.58,216.7,97.6,-1755.0,77,37.33,27.86,46.58,36.7,97.6,-1755.0,77
2.603,-36.11,-29.73,46.77,219.5,34.8,-1338.6,78,36.11,29.73,46.77,39.5,34.8,-1338.6,78
2.636,-35.51,-28.82,45.74,219.1,-4.0,-1614.9,79,35.51,28.82,45.74,39.1,-4.0,-1614.9,79
2.669,-36.20,-29.52,46.71,219.2,-55.4,-1392.8,80,36.20,29.52,46.71,39.2,-55.4,-1392.8,80
2.703,-37.59,-26.68,46.10,215.4,-115.1,-1553.6,81,37.59,26.68,46.10,35.4,-115.1,-1553.6,81
2.736,-39.20,-24.04,45.99,211.5,-146.2,-787.9,82,39.20,24.04,45.99,31.5,-146.2,-787.9,82
2.769,-41.71,-19.99,46.26,205.6,-176.6,-1351.7,83,41.71,19.99,46.26,25.6,-176.6,-1351.7,83
2.803,-43.09,-15.46,45.78,199.7,-224.8,-1288.5,84,43.09,15.46,45.78,19.7,-224.8,-1288.5,84
2.836,-45.99,-8.607,46.78,190.6,-276.2,-716.0,85,45.99,8.607,46.78,10.6,-276.2,-716.0,85
2.870,-46.72,-1.059,46.73,181.3,-267.9,22.1,86,46.72,1.059,46.73,1.3,-267.9,22.1,86
2.903,-45.95,5.870,46.33,172.7,-269.5,-50.0,87,45.95,-5.870,46.33,-7.3,-269.5,-50.0,87
2.936,-44.80,13.43,46.77,163.3,-277.1,-232.4,88,44.80,-13.43,46.77,-16.7,-277.1,-232.4,88
2.970,-41.80,20.18,46.42,154.2,-280.6,-770.6,89,41.80,-20.18,46.42,-25.8,-280.6,-770.6,89
3.003,-37.82,26.89,46.41,144.6,-326.3,-349.7,90,37.82,-26.89,46.41,-35.4,-326.3,-349.7,90
3.036,-30.99,33.87,45.91,132.5,-319.7,633.2,91,30.99,-33.87,45.91,-47.5,-319.7,633.2,91
3.070,-25.35,38.67,46.24,123.3,-267.4,1023.6,92,25.35,-38.67,46.24,-56.7,-267.4,1023.6,92
3.103,-19.25,42.02,46.22,114.6,-255.7,551.5,93,19.25,-42.02,46.22,-65.4,-255.7,551.5,93
3.136,-12.97,44.68,46.53,106.2,-233.5,724.1,94,12.97,-44.68,46.53,-73.8,-233.5,724.1,94
3.170,-7.250,45.65,46.22,99.0,-204.0,855.2,95,7.250,-45.65,46.22,-81.0,-204.0,855.2,95
3.203,-2.087,46.40,46.44,92.6,-178.3,842.7,96,2.087,-46.40,46.44,-87.4,-178.3,842.7,96
3.237,2.328,46.44,46.49,87.1,-147.3,981.5,97,-2.328,-46.44,46.49,-92.9,-147.3,981.5,97
3.270,5.860,46.05,46.42,82.7,-113.0,948.2,98,-5.860,-46.05,46.42,-97.3,-113.0,948.2,98
3.303,8.387,45.66,46.42,79.6,-82.7,785.2,99,-8.387,-45.66,46.42,-100.4,-82.7,785.2,99
3.337,10.26,45.27,46.42,77.2,-61.2,786.8,100,-10.26,-45.27,46.42,-102.8,-61.2,786.8,100
3.370,11.60,44.88,46.35,75.5,-31.9,878.3,101,-11.60,-44.88,46.35,-104.5,-31.9,878.3,101
3.403,11.95,44.90,46.47,75.1,-0.1,857.7,102,-11.95,-44.90,46.47,-104.9,-0.1,857.7,102
3.437,11.66,45.11,46.59,75.5,24.3,811.5,103,-11.66,-45.11,46.59,-104.5,24.3,811.5,103
3.470,10.70,45.32,46.57,76.7,53.3,874.7,104,-10.70,-45.32,46.57,-103.3,53.3,874.7,104
3.503,8.856,45.81,46.66,79.1,83.8,875.9,105,-8.856,-45.81,46.66,-100.9,83.8,875.9,105
3.537,6.241,46.22,46.64,82.3,111.3,800.1,106,-6.241,-46.22,46.64,-97.7,111.3,800.1,106
3.570,2.866,46.64,46.73,86.5,137.5,763.4,107,-2.866,-46.64,46.73,-93.5,137.5,763.4,107
3.604,-1.213,46.83,46.85,91.5,162.0,719.3,108,1.213,-46.83,46.85,-88.5,162.0,719.3,108
3.637,-5.949,46.47,46.85,97.3,185.6,611.9,109,5.949,-46.47,46.85,-82.7,185.6,611.9,109
3.670,-11.20,45.36,46.72,103.9,203.4,491.9,110,11.20,-45.36,46.72,-76.1,203.4,491.9,110
3.704,-16.67,43.71,46.78,110.9,217.5,461.8,111,16.67,-43.71,46.78,-69.1,217.5,461.8,111
3.737,-22.09,40.88,46.46,118.4,234.2,300.4,112,22.09,-40.88,46.46,-61.6,234.2,300.4,112
3.770,-27.19,36.74,45.71,126.5,239.6,897.8,113,27.19,-36.74,45.71,-53.5,239.6,897.8,113
3.804,-31.69,32.39,45.31,134.4,284.8,487.8,114,31.69,-32.39,45.31,-45.6,284.8,487.8,114
3.837,-37.94,26.07,46.03,145.5,292.5,237.0,115,37.94,-26.07,46.03,-34.5,292.5,237.0,115
3.871,-41.49,20.33,46.20,153.9,278.1,-586.6,116,41.49,-20.33,46.20,-26.1,278.1,-586.6,116
3.904,-44.76,12.78,46.55,164.1,271.6,-498.0,117,44.76,-12.78,46.55,-15.9,271.6,-498.0,117
3.937,-45.72,6.411,46.17,172.0,232.4,-609.2,118,45.72,-6.411,46.17,-8.0,232.4,-609.2,118
3.971,-46.34,0.348,46.34,179.6,233.0,-541.5,119,46.34,-0.348,46.34,-0.4,233.0,-541.5,119
4.004,-46.98,-6.240,47.39,187.6,204.1,-1039.5,120,46.98,6.240,47.39,7.6,204.1,-1039.5,120
4.037,-46.13,-10.81,47.38,193.2,154.5,-1248.4,121,46.13,10.81,47.38,13.2,154.5,-1248.4,121
4.071,-44.68,-14.41,46.95,197.9,124.2,-880.6,122,44.68,14.41,46.95,17.9,124.2,-880.6,122
4.104,-43.84,-17.25,47.11,201.5,95.0,-870.8,123,43.84,17.25,47.11,21.5,95.0,-870.8,123
4.137,-42.58,-19.15,46.68,204.2,66.9,-1166.7,124,42.58,19.15,46.68,24.2,66.9,-1166.7,124
4.171,-42.06,-20.46,46.77,205.9,19.3,-1357.6,125,42.06,20.46,46.77,25.9,19.3,-1357.6,125
4.204,-42.52,-20.28,47.11,205.5,-28.6,-1366.6,126,42.52,20.28,47.11,25.5,-28.6,-1366.6,126
4.238,-43.14,-19.24,47.23,204.0,-68.2,-885.9,127,43.14,19.24,47.23,24.0,-68.2,-885.9,127
4.271,-43.87,-16.80,46.98,200.9,-92.4,-753.7,128,43.87,16.80,46.98,20.9,-92.4,-753.7,128
4.304,-44.74,-14.42,47.01,197.9,-112.3,-1240.3,129,44.74,14.42,47.01,17.9,-112.3,-1240.3,129
4.338,-45.49,-10.89,46.78,193.5,-174.8,-1286.9,130,45.49,10.89,46.78,13.5,-174.8,-1286.9,130
4.371,-47.22,-5.130,47.50,186.2,-208.8,-624.4,131,47.22,5.130,47.50,6.2,-208.8,-624.4,131
4.404,-47.20,0.390,47.20,179.5,-206.9,-350.8,132,47.20,-0.390,47.20,-0.5,-206.9,-350.8,132
4.438,-46.65,6.228,47.07,172.4,-232.7,-571.4,133,46.65,-6.228,47.07,-7.6,-232.7,-571.4,133
4.471,-44.68,12.81,46.48,164.0,-249.7,87.0,134,44.68,-12.81,46.48,-16.0,-249.7,87.0,134
4.505,-42.92,19.35,47.08,155.7,-226.6,416.4,135,42.92,-19.35,47.08,-24.3,-226.6,416.4,135
4.538,-38.20,23.06,44.62,148.9,-214.8,132.0,136,38.20,-23.06,44.62,-31.1,-214.8,132.0,136
4.571,-34.90,27.86,44.65,141.4,-223.6,-579.4,137,34.90,-27.86,44.65,-38.6,-223.6,-579.4,137
4.605,-31.06,32.22,44.75,134.0,-248.3,-80.0,138,31.06,-32.22,44.75,-46.0,-248.3,-80.0,138
4.638,-26.07,37.48,45.66,124.8,-240.9,712.7,139,26.07,-37.48,45.66,-55.2,-240.9,712.7,139
4.671,-22.01,41.60,47.06,117.9,-190.4,1170.7,140,22.01,-41.60,47.06,-62.1,-190.4,1170.7,140
4.705,-17.78,43.73,47.21,112.1,-163.7,762.2,141,17.78,-43.73,47.21,-67.9,-163.7,762.2,141
4.738,-13.78,45.21,47.26,107.0,-141.4,687.2,142,13.78,-45.21,47.26,-73.0,-141.4,687.2,142
4.771,-10.39,46.16,47.31,102.7,-116.8,754.7,143,10.39,-46.16,47.31,-77.3,-116.8,754.7,143
4.805,-7.540,46.77,47.37,99.2,-91.8,743.4,144,7.540,-46.77,47.37,-80.8,-91.8,743.4,144
4.838,-5.410,47.04,47.35,96.6,-66.5,722.5,145,5.410,-47.04,47.35,-83.4,-66.5,722.5,145
4.872,-3.903,47.25,47.41,94.7,-43.9,684.4,146,3.903,-47.25,47.41,-85.3,-43.9,684.4,146
4.905,-2.993,47.16,47.25,93.6,-20.9,715.5,147,2.993,-47.16,47.25,-86.4,-20.9,715.5,147
4.938,-2.745,47.23,47.31,93.3,3.8,755.8,148,2.745,-47.23,47.31,-86.7,3.8,755.8,148
4.972,-3.202,47.17,47.27,93.9,29.7,764.8,149,3.202,-47.17,47.27,-86.1,29.7,764.8,149
5.005,-4.378,47.12,47.33,95.3,54.9,728.2,150,4.378,-47.12,47.33,-84.7,54.9,728.2,150
5.038,-6.216,46.91,47.32,97.5,78.3,717.2,151,6.216,-46.91,47.32,-82.5,78.3,717.2,151
5.072,-8.648,46.50,47.30,100.5,102.4,661.8,152,8.648,-46.50,47.30,-79.5,102.4,661.8,152
5.105,-11.72,45.72,47.20,104.4,123.4,568.6,153,11.72,-45.72,47.20,-75.6,123.4,568.6,153
5.138,-15.20,44.74,47.25,108.8,139.7,475.1,154,15.20,-44.74,47.25,-71.2,139.7,475.1,154
5.172,-18.93,43.11,47.08,113.7,155.2,531.3,155,18.93,-43.11,47.08,-66.3,155.2,531.3,155
5.205,-22.92,41.13,47.09,119.1,174.4,411.5,156,22.92,-41.13,47.09,-60.9,174.4,411.5,156
5.239,-27.08,38.19,46.81,125.3,185.1,546.9,157,27.08,-38.19,46.81,-54.7,185.1,546.9,157
5.272,-30.91,34.96,46.67,131.5,205.8,461.4,158,30.91,-34.96,46.67,-48.5,205.8,461.4,158
5.305,-35.26,30.57,46.67,139.1,222.9,28.3,159,35.26,-30.57,46.67,-40.9,222.9,28.3,159
5.339,-38.76,25.79,46.56,146.4,205.2,-382.4,160,38.76,-25.79,46.56,-33.6,205.2,-382.4,160
5.372,-41.28,21.25,46.43,152.8,194.0,-206.4,161,41.28,-21.25,46.43,-27.2,194.0,-206.4,161
5.405,-43.43,16.41,46.43,159.3,194.1,185.1,162,43.43,-16.41,46.43,-20.7,194.1,185.1,162
5.439,-44.84,11.41,46.27,165.7,203.9,-286.7,163,44.84,-11.41,46.27,-14.3,203.9,-286.7,163
5.472,-46.85,5.826,47.21,172.9,183.2,-651.6,164,46.85,-5.826,47.21,-7.1,183.2,-651.6,164
5.505,-47.26,1.696,47.29,177.9,149.6,-913.2,165,47.26,-1.696,47.29,-2.1,149.6,-913.2,165
5.539,-47.17,-2.388,47.23,182.9,129.3,-594.9,166,47.17,2.388,47.23,2.9,129.3,-594.9,166
5.572,-46.96,-5.410,47.27,186.6,105.3,-920.4,167,46.96,5.410,47.27,6.6,105.3,-920.4,167
5.606,-46.41,-8.122,47.12,189.9,73.1,-884.2,168,46.41,8.122,47.12,9.9,73.1,-884.2,168
5.639,-46.14,-9.347,47.08,191.5,40.0,-1035.0,169,46.14,9.347,47.08,11.5,40.0,-1035.0,169
5.672,-45.88,-10.25,47.01,192.6,9.8,-663.6,170,45.88,10.25,47.01,12.6,9.8,-663.6,170
5.706,-46.00,-9.869,47.05,192.1,-11.0,-865.2,171,46.00,9.869,47.05,12.1,-11.0,-865.2,171
5.739,-46.09,-9.683,47.10,191.9,-38.9,-758.6,172,46.09,9.683,47.10,11.9,-38.9,-758.6,172
5.772,-46.51,-7.795,47.16,189.5,-71.0,-1016.4,173,46.51,7.795,47.16,9.5,-71.0,-1016.4,173
5.806,-46.69,-5.835,47.05,187.1,-98.5,-661.8,174,46.69,5.835,47.05,7.1,-98.5,-661.8,174
5.839,-47.11,-2.418,47.17,182.9,-123.1,-678.3,175,47.11,2.418,47.17,2.9,-123.1,-678.3,175
5.873,-47.00,0.897,47.01,178.9,-137.0,-448.6,176,47.00,-0.897,47.01,-1.1,-137.0,-448.6,176
5.906,-46.91,5.099,47.19,173.8,-157.4,-429.6,177,46.91,-5.099,47.19,-6.2,-157.4,-429.6,177
5.939,-46.17,9.475,47.13,168.4,-164.2,-281.3,178,46.17,-9.475,47.13,-11.6,-164.2,-281.3,178
5.973,-45.17,13.95,47.27,162.8,-175.1,-465.8,179,45.17,-13.95,47.27,-17.2,-175.1,-465.8,179
6.006,-43.45,18.69,47.30,156.7,-195.6,-276.4,180,43.45,-18.69,47.30,-23.3,-195.6,-276.4,180
6.039,-39.62,23.07,45.85,149.8,-197.3,208.9,181,39.62,-23.07,45.85,-30.2,-197.3,208.9,181
6.073,-36.91,27.26,45.88,143.6,-178.2,401.9,182,36.91,-27.26,45.88,-36.4,-178.2,401.9,182
6.106,-34.09,30.81,45.95,137.9,-169.5,224.2,183,34.09,-30.81,45.95,-42.1,-169.5,224.2,183
6.139,-31.01,34.15,46.13,132.2,-165.1,270.8,184,31.01,-34.15,46.13,-47.8,-165.1,270.8,184
6.173,-28.32,37.75,47.19,126.9,-151.5,472.8,185,28.32,-37.75,47.19,-53.1,-151.5,472.8,185
6.206,-25.19,40.11,47.36,122.1,-132.9,574.1,186,25.19,-40.11,47.36,-57.9,-132.9,574.1,186
6.240,-22.12,41.59,47.10,118.0,-113.3,571.4,187,22.12,-41.59,47.10,-62.0,-113.3,571.4,187
6.273,-19.62,42.91,47.18,114.6,-94.4,568.1,188,19.62,-42.91,47.18,-65.4,-94.4,568.1,188
6.306,-17.44,43.79,47.14,111.7,-75.8,593.0,189,17.44,-43.79,47.14,-68.3,-75.8,593.0,189
6.340,-15.73,44.36,47.07,109.5,-54.8,613.1,190,15.73,-44.36,47.07,-70.5,-54.8,613.1,190
6.373,-14.59,44.75,47.07,108.1,-34.5,651.6,191,14.59,-44.75,47.07,-71.9,-34.5,651.6,191
6.406,-13.95,45.00,47.11,107.2,-12.1,690.8,192,13.95,-45.00,47.11,-72.8,-12.1,690.8,192
6.440,-13.95,44.93,47.04,107.3,12.4,708.8,193,13.95,-44.93,47.04,-72.7,12.4,708.8,193
6.473,-14.60,44.80,47.12,108.1,35.0,618.7,194,14.60,-44.80,47.12,-71.9,35.0,618.7,194
6.506,-15.78,44.35,47.08,109.6,54.2,628.3,195,15.78,-44.35,47.08,-70.4,54.2,628.3,195
6.540,-17.40,43.80,47.13,111.7,75.7,690.5,196,17.40,-43.80,47.13,-68.3,75.7,690.5,196
6.573,-19.64,42.82,47.12,114.6,101.2,643.7,197,19.64,-42.82,47.12,-65.4,101.2,643.7,197
6.607,-22.43,41.45,47.13,118.4,119.3,473.8,198,22.43,-41.45,47.13,-61.6,119.3,473.8,198
6.640,-25.41,39.73,47.17,122.6,131.9,392.3,199,25.41,-39.73,47.17,-57.4,131.9,392.3,199
6.673,-28.54,37.56,47.17,127.2,145.5,356.5,200,28.54,-37.56,47.17,-52.8,145.5,356.5,200
6.707,-31.73,34.86,47.14,132.3,156.2,56.5,201,31.73,-34.86,47.14,-47.7,156.2,56.5,201
6.740,-34.86,31.78,47.17,137.6,150.7,42.5,202,34.86,-31.78,47.17,-42.4,150.7,42.5,202
6.773,-37.47,28.89,47.31,142.4,154.0,226.4,203,37.47,-28.89,47.31,-37.6,154.0,226.4,203
6.807,-40.13,25.15,47.36,147.9,170.2,210.4,204,40.13,-25.15,47.36,-32.1,170.2,210.4,204
6.840,-42.35,20.91,47.23,153.7,168.1,462.1,205,42.35,-20.91,47.23,-26.3,168.1,462.1,205
6.874,-44.20,16.84,47.30,159.1,194.4,90.0,206,44.20,-16.84,47.30,-20.9,194.4,90.0,206
6.907,-46.04,10.88,47.31,166.7,189.3,-554.4,207,46.04,-10.88,47.31,-13.3,189.3,-554.4,207
6.940,-46.90,6.775,47.39,171.8,143.5,-995.0,208,46.90,-6.775,47.39,-8.2,143.5,-995.0,208
6.974,-47.22,3.074,47.32,176.3,126.8,-440.4,209,47.22,-3.074,47.32,-3.7,126.8,-440.4,209
7.007,-47.24,-0.201,47.24,180.2,113.8,-496.3,210,47.24,0.201,47.24,0.2,113.8,-496.3,210
7.040,-47.17,-3.193,47.28,183.9,95.3,-633.6,211,47.17,3.193,47.28,3.9,95.3,-633.6,211
7.074,-46.93,-5.433,47.24,186.6,70.1,-795.2,212,46.93,5.433,47.24,6.6,70.1,-795.2,212
7.107,-46.61,-7.009,47.13,188.6,43.0,-871.1,213,46.61,7.009,47.13,8.6,43.0,-871.1,213
7.140,-46.57,-7.771,47.22,189.5,11.6,-794.9,214,46.57,7.771,47.22,9.5,11.6,-794.9,214
7.174,-46.54,-7.640,47.16,189.3,-11.4,-722.4,215,46.54,7.640,47.16,9.3,-11.4,-722.4,215
7.207,-46.65,-7.146,47.19,188.7,-34.1,-730.2,216,46.65,7.146,47.19,8.7,-34.1,-730.2,216
7.241,-46.82,-5.788,47.18,187.0,-61.9,-804.0,217,46.82,5.788,47.18,7.0,-61.9,-804.0,217
7.274,-47.01,-3.763,47.16,184.6,-87.1,-689.6,218,47.01,3.763,47.16,4.6,-87.1,-689.6,218
7.307,-47.19,-1.017,47.21,181.2,-108.7,-630.8,219,47.19,1.017,47.21,1.2,-108.7,-630.8,219
7.341,-47.10,2.204,47.15,177.3,-128.2,-467.3,220,47.10,-2.204,47.15,-2.7,-128.2,-467.3,220
7.374,-46.81,6.015,47.19,172.7,-141.5,-403.4,221,46.81,-6.015,47.19,-7.3,-141.5,-403.4,221
7.407,-46.03,9.886,47.08,167.9,-152.9,-310.8,222,46.03,-9.886,47.08,-12.1,-152.9,-310.8,222
7.441,-45.05,14.23,47.25,162.5,-164.2,-810.6,223,45.05,-14.23,47.25,-17.5,-164.2,-810.6,223
7.474,-43.53,18.55,47.32,156.9,-201.3,-267.9,224,43.53,-18.55,47.32,-23.1,-201.3,-267.9,224
7.508,-39.64,23.78,46.23,149.0,-197.3,187.0,225,39.64,-23.78,46.23,-31.0,-197.3,187.0,225
7.541,-37.50,27.50,46.50,143.8,-170.9,562.6,226,37.50,-27.50,46.50,-36.2,-170.9,562.6,226
7.574,-34.23,31.22,46.32,137.6,-170.8,452.2,227,34.23,-31.22,46.32,-42.4,-170.8,452.2,227
7.608,-31.73,34.80,47.10,132.4,-138.2,354.9,228,31.73,-34.80,47.10,-47.6,-138.2,354.9,228
7.641,-28.93,36.49,46.57,128.4,-140.1,-487.0,229,28.93,-36.49,46.57,-51.6,-140.1,-487.0,229
7.674,-24.04,37.01,44.13,123.0,-177.5,420.3,230,24.04,-37.01,44.13,-57.0,-177.5,420.3,230
7.708,-20.90,41.80,46.74,116.6,-123.3,1104.1,231,20.90,-41.80,46.74,-63.4,-123.3,1104.1,231
7.741,-19.76,42.81,47.15,114.8,-78.2,931.1,232,19.76,-42.81,47.15,-65.2,-78.2,931.1,232
7.774,-16.80,42.98,46.15,111.3,-81.3,350.7,233,16.80,-42.98,46.15,-68.7,-81.3,350.7,233
7.808,-15.34,43.66,46.28,109.4,-46.9,803.1,234,15.34,-43.66,46.28,-70.6,-46.9,803.1,234
7.841,-14.40,43.75,46.06,108.2,-28.0,622.4,235,14.40,-43.75,46.06,-71.8,-28.0,622.4,235
7.875,-13.89,44.08,46.21,107.5,-7.5,593.7,236,13.89,-44.08,46.21,-72.5,-7.5,593.7,236
7.908,-14.05,43.97,46.16,107.7,13.8,622.3,237,14.05,-43.97,46.16,-72.3,13.8,622.3,237
7.941,-14.55,43.70,46.06,108.4,32.4,613.4,238,14.55,-43.70,46.06,-71.6,32.4,613.4,238
7.975,-15.63,43.24,45.98,109.9,55.4,652.7,239,15.63,-43.24,45.98,-70.1,55.4,652.7,239
8.008,-17.32,42.64,46.03,112.1,76.3,615.7,240,17.32,-42.64,46.03,-67.9,76.3,615.7,240
8.041,-19.34,41.55,45.84,115.0,96.0,497.7,241,19.34,-41.55,45.84,-65.0,96.0,497.7,241
8.075,-21.81,40.15,45.69,118.5,110.5,497.1,242,21.81,-40.15,45.69,-61.5,110.5,497.1,242
8.108,-24.36,38.48,45.55,122.3,127.1,368.1,243,24.36,-38.48,45.55,-57.7,127.1,368.1,243
8.141,-27.26,36.19,45.31,127.0,138.2,289.7,244,27.26,-36.19,45.31,-53.0,138.2,289.7,244
8.175,-29.87,33.69,45.03,131.6,143.4,125.2,245,29.87,-33.69,45.03,-48.4,143.4,125.2,245
8.208,-32.61,30.88,44.91,136.6,148.7,170.4,246,32.61,-30.88,44.91,-43.4,148.7,170.4,246
8.242,-35.05,27.90,44.80,141.5,152.8,166.3,247,35.05,-27.90,44.80,-38.5,152.8,166.3,247
8.275,-37.42,24.53,44.74,146.8,161.0,141.6,248,37.42,-24.53,44.74,-33.2,161.0,141.6,248
8.308,-39.35,20.72,44.47,152.2,162.6,885.3,249,39.35,-20.72,44.47,-27.8,162.6,885.3,249
8.342,-40.89,16.85,44.23,157.6,211.9,263.5,250,40.89,-16.85,44.23,-22.4,211.9,263.5,250
8.375,-43.59,10.57,44.86,166.4,203.4,-744.2,251,43.59,-10.57,44.86,-13.6,203.4,-744.2,251
8.408,-44.41,6.890,44.94,171.2,138.8,-1073.5,252,44.41,-6.890,44.94,-8.8,138.8,-1073.5,252
8.442,-44.77,3.415,44.90,175.6,138.1,-386.9,253,44.77,-3.415,44.90,-4.4,138.1,-386.9,253
8.475,-47.13,-0.326,47.14,180.4,118.5,-778.1,254,47.13,0.326,47.14,0.4,118.5,-778.1,254
8.508,-47.11,-2.919,47.21,183.5,80.6,-872.6,255,47.11,2.919,47.21,3.5,80.6,-872.6,255
8.542,-47.05,-4.759,47.29,185.8,60.7,-695.6,256,47.05,4.759,47.29,5.8,60.7,-695.6,256
8.575,-46.94,-6.257,47.35,187.6,36.9,-708.6,257,46.94,6.257,47.35,7.6,36.9,-708.6,257
8.609,-46.81,-6.777,47.30,188.2,10.5,-728.4,258,46.81,6.777,47.30,8.2,10.5,-728.4,258
8.642,-46.78,-6.819,47.28,188.3,-10.0,-611.3,259,46.78,6.819,47.28,8.3,-10.0,-611.3,259
8.675,-46.81,-6.219,47.22,187.6,-31.1,-648.4,260,46.81,6.219,47.22,7.6,-31.1,-648.4,260
8.709,-46.97,-5.120,47.25,186.2,-52.6,-614.6,261,46.97,5.120,47.25,6.2,-52.6,-614.6,261
8.742,-47.13,-3.345,47.24,184.1,-73.0,-582.8,262,47.13,3.345,47.24,4.1,-73.0,-582.8,262
8.775,-47.11,-1.107,47.12,181.3,-90.7,-510.3,263,47.11,1.107,47.12,1.3,-90.7,-510.3,263
8.809,-46.93,1.634,46.96,178.0,-107.5,-373.8,264,46.93,-1.634,46.96,-2.0,-107.5,-373.8,264
8.842,-46.45,4.743,46.69,174.2,-116.3,-403.0,265,46.45,-4.743,46.69,-5.8,-116.3,-403.0,265
8.876,-45.91,7.892,46.59,170.2,-131.7,-264.2,266,45.91,-7.892,46.59,-9.8,-131.7,-264.2,266
8.909,-45.08,11.76,46.59,165.4,-138.8,-148.8,267,45.08,-11.76,46.59,-14.6,-138.8,-148.8,267
8.942,-43.85,15.11,46.38,161.0,-136.9,-912.9,268,43.85,-15.11,46.38,-19.0,-136.9,-912.9,268
8.976,-42.25,18.59,46.16,156.2,-194.7,-535.2,269,42.25,-18.59,46.16,-23.8,-194.7,-535.2,269
9.009,-40.36,25.23,47.59,148.0,-194.4,477.6,270,40.36,-25.23,47.59,-32.0,-194.4,477.6,270
9.042,-38.14,28.46,47.59,143.3,-140.4,979.9,271,38.14,-28.46,47.59,-36.7,-140.4,979.9,271
9.076,-35.69,31.44,47.56,138.6,-136.6,257.4,272,35.69,-31.44,47.56,-41.4,-136.6,257.4,272
9.109,-33.18,34.17,47.63,134.2,-124.0,417.9,273,33.18,-34.17,47.63,-45.8,-124.0,417.9,273
9.142,-30.70,36.14,47.42,130.3,-107.2,462.3,274,30.70,-36.14,47.42,-49.7,-107.2,462.3,274
9.176,-28.40,37.68,47.18,127.0,-93.6,421.8,275,28.40,-37.68,47.18,-53.0,-93.6,421.8,275
9.209,-26.47,39.09,47.21,124.1,-79.2,469.5,276,26.47,-39.09,47.21,-55.9,-79.2,469.5,276
9.243,-24.85,40.21,47.27,121.7,-62.4,511.3,277,24.85,-40.21,47.27,-58.3,-62.4,511.3,277
9.276,-23.58,40.94,47.25,119.9,-44.8,496.6,278,23.58,-40.94,47.25,-60.1,-44.8,496.6,278
9.309,-22.67,41.37,47.18,118.7,-29.2,499.3,279,22.67,-41.37,47.18,-61.3,-29.2,499.3,279
9.343,-22.16,41.69,47.21,118.0,-12.0,562.5,280,22.16,-41.69,47.21,-62.0,-12.0,562.5,280
9.376,-22.15,41.79,47.29,117.9,8.7,529.9,281,22.15,-41.79,47.29,-62.1,8.7,529.9,281
9.409,-22.60,41.49,47.25,118.6,24.3,513.3,282,22.60,-41.49,47.25,-61.4,24.3,513.3,282
9.443,-23.35,41.19,47.35,119.5,41.1,502.4,283,23.35,-41.19,47.35,-60.5,41.1,502.4,283
9.476,-24.62,40.48,47.38,121.3,59.6,553.5,284,24.62,-40.48,47.38,-58.7,59.6,553.5,284
9.509,-26.14,39.46,47.33,123.5,76.7,532.6,285,26.14,-39.46,47.33,-56.5,76.7,532.6,285
9.543,-28.18,38.18,47.45,126.4,95.9,443.5,286,28.18,-38.18,47.45,-53.6,95.9,443.5,286
9.576,-30.49,36.44,47.52,129.9,106.9,284.5,287,30.49,-36.44,47.52,-50.1,106.9,284.5,287
9.610,-32.69,34.37,47.44,133.6,113.7,237.0,288,32.69,-34.37,47.44,-46.4,113.7,237.0,288
9.643,-35.08,32.14,47.58,137.5,123.0,259.6,289,35.08,-32.14,47.58,-42.5,123.0,259.6,289
9.676,-37.33,29.41,47.52,141.8,131.3,188.2,290,37.33,-29.41,47.52,-38.2,131.3,188.2,290
9.710,-39.61,26.45,47.63,146.3,135.7,28.3,291,39.61,-26.45,47.63,-33.7,135.7,28.3,291
9.743,-41.54,23.19,47.57,150.8,133.4,-3.0,292,41.54,-23.19,47.57,-29.2,133.4,-3.0,292
9.776,-43.16,19.97,47.56,155.2,133.9,-34.6,293,43.16,-19.97,47.56,-24.8,133.9,-34.6,293
9.810,-44.68,16.47,47.62,159.8,133.3,-225.6,294,44.68,-16.47,47.62,-20.2,133.3,-225.6,294
9.843,-45.80,13.07,47.63,164.1,118.6,-342.4,295,45.80,-13.07,47.63,-15.9,118.6,-342.4,295
9.877,-46.48,10.15,47.58,167.7,108.1,-367.4,296,46.48,-10.15,47.58,-12.3,108.1,-367.4,296
9.910,-46.90,7.193,47.45,171.3,97.1,-288.1,297,46.90,-7.193,47.45,-8.7,97.1,-288.1,297
9.943,-47.16,4.828,47.41,174.2,85.8,-364.5,298,47.16,-4.828,47.41,-5.8,85.8,-364.5,298
9.977,-47.14,2.465,47.20,177.0,75.6,-412.7,299,47.14,-2.465,47.20,-3.0,75.6,-412.7,299
10.010,-47.14,0.657,47.14,179.2,56.8,-605.7,300,47.14,-0.657,47.14,-0.8,56.8,-605.7,300
10.043,-47.06,-0.653,47.07,180.8,35.7,-550.2,301,47.06,0.653,47.07,0.8,35.7,-550.2,301
10.077,-47.05,-1.303,47.06,181.6,18.6,-581.2,302,47.05,1.303,47.06,1.6,18.6,-581.2,302
10.110,-47.10,-1.676,47.13,182.0,-0.7,-557.4,303,47.10,1.676,47.13,2.0,-0.7,-557.4,303
10.143,-47.21,-1.267,47.23,181.5,-21.0,-566.6,304,47.21,1.267,47.23,1.5,-21.0,-566.6,304
10.177,-47.20,-0.522,47.20,180.6,-36.8,-473.1,305,47.20,0.522,47.20,0.6,-36.8,-473.1,305
10.210,-47.25,0.760,47.26,179.1,-53.6,-602.4,306,47.25,-0.760,47.26,-0.9,-53.6,-602.4,306
10.244,-47.22,2.425,47.29,177.1,-75.5,-491.7,307,47.22,-2.425,47.29,-2.9,-75.5,-491.7,307
10.277,-47.06,4.913,47.32,174.0,-89.8,-422.1,308,47.06,-4.913,47.32,-6.0,-89.8,-422.1,308
10.310,-46.63,7.327,47.21,171.1,-99.8,-291.4,309,46.63,-7.327,47.21,-8.9,-99.8,-291.4,309
10.344,-46.28,10.36,47.43,167.4,-112.1,-310.6,310,46.28,-10.36,47.43,-12.6,-112.1,-310.6,310
10.377,-45.57,13.42,47.50,163.6,-118.7,-206.5,311,45.57,-13.42,47.50,-16.4,-118.7,-206.5,311
10.410,-44.50,16.67,47.52,159.5,-126.7,-171.0,312,44.50,-16.67,47.52,-20.5,-126.7,-171.0,312
10.444,-43.10,19.98,47.51,155.1,-130.2,13.5,313,43.10,-19.98,47.51,-24.9,-130.2,13.5,313
10.477,-41.48,23.21,47.53,150.8,-126.2,126.7,314,41.48,-23.21,47.53,-29.2,-126.2,126.7,314
10.511,-39.84,26.15,47.66,146.7,-120.5,131.4,315,39.84,-26.15,47.66,-33.3,-120.5,131.4,315
10.544,-37.99,28.91,47.74,142.7,-118.0,120.3,316,37.99,-28.91,47.74,-37.3,-118.0,120.3,316
10.577,-35.94,31.42,47.73,138.8,-112.7,220.7,317,35.94,-31.42,47.73,-41.2,-112.7,220.7,317
10.611,-34.02,33.78,47.94,135.2,-103.2,285.3,318,34.02,-33.78,47.94,-44.8,-103.2,285.3,318
10.644,-32.00,35.60,47.86,132.0,-93.2,344.2,319,32.00,-35.60,47.86,-48.0,-93.2,344.2,319
10.677,-30.19,37.30,47.98,129.0,-81.0,346.7,320,30.19,-37.30,47.98,-51.0,-81.0,346.7,320
10.711,-28.44,38.36,47.75,126.5,-69.0,381.8,321,28.44,-38.36,47.75,-53.5,-69.0,381.8,321
10.744,-27.03,39.50,47.87,124.4,-56.7,436.4,322,27.03,-39.50,47.87,-55.6,-56.7,436.4,322
10.777,-25.92,40.26,47.88,122.8,-39.4,480.8,323,25.92,-40.26,47.88,-57.2,-39.4,480.8,323
10.811,-25.24,40.78,47.96,121.8,-24.0,460.0,324,25.24,-40.78,47.96,-58.2,-24.0,460.0,324
10.844,-24.86,41.11,48.04,121.2,-9.4,434.7,325,24.86,-41.11,48.04,-58.8,-9.4,434.7,325
10.878,-24.83,41.11,48.03,121.1,5.5,457.6,326,24.83,-41.11,48.03,-58.9,5.5,457.6,326
10.911,-25.11,40.93,48.02,121.5,20.6,454.4,327,25.11,-40.93,48.02,-58.5,20.6,454.4,327
10.944,-25.80,40.49,48.01,122.5,36.3,502.8,328,25.80,-40.49,48.01,-57.5,36.3,502.8,328
10.978,-26.81,39.81,47.99,124.0,53.6,453.0,329,26.81,-39.81,47.99,-56.0,53.6,453.0,329
11.011,-28.19,38.69,47.87,126.1,67.8,383.6,330,28.19,-38.69,47.87,-53.9,67.8,383.6,330
11.044,-29.76,37.43,47.82,128.5,78.1,329.0,331,29.76,-37.43,47.82,-51.5,78.1,329.0,331
11.078,-31.59,35.98,47.88,131.3,90.0,312.4,332,31.59,-35.98,47.88,-48.7,90.0,312.4,332
11.111,-33.48,34.08,47.77,134.5,99.3,190.8,333,33.48,-34.08,47.77,-45.5,99.3,190.8,333
11.144,-35.43,32.00,47.75,137.9,102.8,198.9,334,35.43,-32.00,47.75,-42.1,102.8,198.9,334
11.178,-37.29,29.81,47.74,141.4,111.0,157.8,335,37.29,-29.81,47.74,-38.6,111.0,157.8,335
11.211,-39.19,27.11,47.66,145.3,116.0,85.7,336,39.19,-27.11,47.66,-34.7,116.0,85.7,336
11.245,-40.94,24.50,47.71,149.1,114.6,8.0,337,40.94,-24.50,47.71,-30.9,114.6,8.0,337
11.278,-42.44,21.65,47.64,153.0,117.2,-33.6,338,42.44,-21.65,47.64,-27.0,117.2,-33.6,338
11.311,-43.78,18.66,47.59,156.9,113.2,-121.3,339,43.78,-18.66,47.59,-23.1,113.2,-121.3,339
11.345,-44.91,15.89,47.64,160.5,107.5,-164.2,340,44.91,-15.89,47.64,-19.5,107.5,-164.2,340
11.378,-45.74,13.03,47.56,164.1,103.4,-168.9,341,45.74,-13.03,47.56,-15.9,103.4,-168.9,341
11.411,-46.45,10.37,47.59,167.4,95.8,-426.7,342,46.45,-10.37,47.59,-12.6,95.8,-426.7,342
11.445,-46.80,7.842,47.45,170.5,76.5,-475.1,343,46.80,-7.842,47.45,-9.5,76.5,-475.1,343
11.478,-47.04,6.171,47.44,172.5,60.4,-469.9,344,47.04,-6.171,47.44,-7.5,60.4,-469.9,344
11.511,-47.21,4.532,47.43,174.5,48.7,-459.7,345,47.21,-4.532,47.43,-5.5,48.7,-459.7,345
11.545,-47.39,3.499,47.52,175.8,28.1,-508.8,346,47.39,-3.499,47.52,-4.2,28.1,-508.8,346
11.578,-47.34,2.988,47.44,176.4,14.1,-455.6,347,47.34,-2.988,47.44,-3.6,14.1,-455.6,347
11.612,-47.37,2.714,47.45,176.7,-0.6,-449.5,348,47.37,-2.714,47.45,-3.3,-0.6,-449.5,348
11.645,-47.25,3.017,47.35,176.3,-17.4,-519.5,349,47.25,-3.017,47.35,-3.7,-17.4,-519.5,349
11.678,-47.28,3.672,47.42,175.6,-34.1,-529.1,350,47.28,-3.672,47.42,-4.4,-34.1,-529.1,350
11.712,-47.08,4.887,47.33,174.1,-53.5,-492.7,351,47.08,-4.887,47.33,-5.9,-53.5,-492.7,351
11.745,-46.91,6.603,47.37,172.0,-67.3,-409.6,352,46.91,-6.603,47.37,-8.0,-67.3,-409.6,352
11.778,-46.64,8.578,47.43,169.6,-79.9,-213.1,353,46.64,-8.578,47.43,-10.4,-79.9,-213.1,353
11.812,-46.15,10.95,47.43,166.7,-83.6,-285.7,354,46.15,-10.95,47.43,-13.3,-83.6,-285.7,354
11.845,-45.59,13.07,47.42,164.0,-94.6,-273.2,355,45.59,-13.07,47.42,-16.0,-94.6,-273.2,355
11.879,-44.85,16.02,47.62,160.3,-107.0,-211.8,356,44.85,-16.02,47.62,-19.7,-107.0,-211.8,356
11.912,-43.80,18.72,47.64,156.9,-105.7,9.5,357,43.80,-18.72,47.64,-23.1,-105.7,9.5,357
11.945,-42.66,21.46,47.75,153.3,-107.0,-75.0,358,42.66,-21.46,47.75,-26.7,-107.0,-75.0,358
11.979,-41.29,24.11,47.81,149.7,-110.2,45.3,359,41.29,-24.11,47.81,-30.3,-110.2,45.3,359
12.012,-39.60,26.77,47.80,145.9,-105.9,83.8,360,39.60,-26.77,47.80,-34.1,-105.9,83.8,360
12.045,-38.05,29.04,47.87,142.6,-101.6,194.0,361,38.05,-29.04,47.87,-37.4,-101.6,194.0,361
12.079,-36.23,31.32,47.90,139.2,-96.1,218.6,362,36.23,-31.32,47.90,-40.8,-96.1,218.6,362
12.112,-34.56,33.10,47.86,136.2,-84.6,350.3,363,34.56,-33.10,47.86,-43.8,-84.6,350.3,363
12.145,-33.01,34.77,47.95,133.5,-74.2,327.0,364,33.01,-34.77,47.95,-46.5,-74.2,327.0,364
12.179,-31.66,36.05,47.98,131.3,-61.7,398.3,365,31.66,-36.05,47.98,-48.7,-61.7,398.3,365
12.212,-30.44,37.06,47.96,129.4,-48.4,402.4,366,30.44,-37.06,47.96,-50.6,-48.4,402.4,366
12.246,-29.52,37.71,47.89,128.1,-34.1,420.7,367,29.52,-37.71,47.89,-51.9,-34.1,420.7,367
12.279,-29.02,38.34,48.09,127.1,-20.8,424.3,368,29.02,-38.34,48.09,-52.9,-20.8,424.3,368
12.312,-28.69,38.54,48.05,126.7,-5.7,424.7,369,28.69,-38.54,48.05,-53.3,-5.7,424.7,369
12.346,-28.76,38.53,48.08,126.7,7.9,391.7,370,28.76,-38.53,48.08,-53.3,7.9,391.7,370
12.379,-29.06,38.30,48.08,127.2,20.0,375.9,371,29.06,-38.30,48.08,-52.8,20.0,375.9,371
12.412,-29.63,37.83,48.05,128.1,33.1,393.7,372,29.63,-37.83,48.05,-51.9,33.1,393.7,372
12.446,-30.54,37.18,48.11,129.4,46.3,404.7,373,30.54,-37.18,48.11,-50.6,46.3,404.7,373
12.479,-31.63,36.18,48.06,131.2,60.0,308.1,374,31.63,-36.18,48.06,-48.8,60.0,308.1,374
12.512,-32.90,34.78,47.88,133.4,67.9,270.9,375,32.90,-34.78,47.88,-46.6,67.9,270.9,375
12.546,-34.24,33.42,47.85,135.7,76.2,315.4,376,34.24,-33.42,47.85,-44.3,76.2,315.4,376
12.579,-35.82,31.70,47.84,138.5,90.1,227.7,377,35.82,-31.70,47.84,-41.5,90.1,227.7,377
12.613,-37.58,29.67,47.88,141.7,92.7,159.5,378,37.58,-29.67,47.88,-38.3,92.7,159.5,378
12.646,-38.97,27.62,47.77,144.7,97.5,43.8,379,38.97,-27.62,47.77,-35.3,97.5,43.8,379
12.679,-40.60,25.16,47.77,148.2,99.5,-11.6,380,40.60,-25.16,47.77,-31.8,99.5,-11.6,380
12.713,-41.84,22.89,47.69,151.3,93.5,-120.3,381,41.84,-22.89,47.69,-28.7,93.5,-120.3,381
12.746,-43.14,20.62,47.82,154.5,92.8,30.0,382,43.14,-20.62,47.82,-25.5,92.8,30.0,382
12.779,-44.03,18.23,47.66,157.5,94.6,-18.8,383,44.03,-18.23,47.66,-22.5,94.6,-18.8,383
12.813,-44.92,15.67,47.57,160.8,93.3,-233.7,384,44.92,-15.67,47.57,-19.2,93.3,-233.7,384
12.846,-45.54,13.29,47.44,163.7,78.7,-339.2,385,45.54,-13.29,47.44,-16.3,78.7,-339.2,385
12.880,-46.04,11.46,47.44,166.0,68.4,-316.3,386,46.04,-11.46,47.44,-14.0,68.4,-316.3,386
12.913,-46.46,9.623,47.45,168.3,60.1,-303.8,387,46.46,-9.623,47.45,-11.7,60.1,-303.8,387
12.946,-46.66,8.199,47.38,170.0,46.7,-337.9,388,46.66,-8.199,47.38,-10.0,46.7,-337.9,388
12.980,-46.76,7.063,47.29,171.4,37.7,-336.5,389,46.76,-7.063,47.29,-8.6,37.7,-336.5,389
13.013,-46.86,6.127,47.26,172.6,25.2,-440.7,390,46.86,-6.127,47.26,-7.4,25.2,-440.7,390
13.046,-46.90,5.680,47.24,173.1,7.5,-474.2,391,46.90,-5.680,47.24,-6.9,7.5,-474.2,391
13.080,-46.90,5.715,47.25,173.1,-6.8,-417.3,392,46.90,-5.715,47.25,-6.9,-6.8,-417.3,392
13.113,-46.86,6.055,47.25,172.6,-19.7,-367.6,393,46.86,-6.055,47.25,-7.4,-19.7,-367.6,393
13.146,-46.91,6.808,47.40,171.7,-31.9,-469.1,394,46.91,-6.808,47.40,-8.3,-31.9,-469.1,394
13.180,-46.67,7.802,47.32,170.5,-49.6,-460.3,395,46.67,-7.802,47.32,-9.5,-49.6,-460.3,395
13.213,-46.49,9.514,47.45,168.4,-65.1,-371.4,396,46.49,-9.514,47.45,-11.6,-65.1,-371.4,396
13.247,-46.04,11.34,47.42,166.2,-72.7,-190.1,397,46.04,-11.34,47.42,-13.8,-72.7,-190.1,397
13.280,-45.56,13.42,47.49,163.6,-78.5,-230.2,398,45.56,-13.42,47.49,-16.4,-78.5,-230.2,398
13.313,-44.89,15.52,47.49,160.9,-86.7,-99.6,399,44.89,-15.52,47.49,-19.1,-86.7,-99.6,399
13.347,-44.07,17.99,47.60,157.8,-87.9,-152.7,400,44.07,-17.99,47.60,-22.2,-87.9,-152.7,400
13.380,-43.20,20.09,47.64,155.1,-92.7,-3.2,401,43.20,-20.09,47.64,-24.9,-92.7,-3.2,401
13.413,-41.91,22.65,47.64,151.6,-93.4,14.7,402,41.91,-22.65,47.64,-28.4,-93.4,14.7,402
13.447,-40.85,24.72,47.75,148.8,-86.8,158.8,403,40.85,-24.72,47.75,-31.2,-86.8,158.8,403
13.480,-39.42,26.77,47.65,145.8,-85.8,70.2,404,39.42,-26.77,47.65,-34.2,-85.8,70.2,404
13.514,-38.21,28.69,47.78,143.1,-80.5,128.4,405,38.21,-28.69,47.78,-36.9,-80.5,128.4,405
13.547,-36.80,30.40,47.74,140.4,-77.9,222.0,406,36.80,-30.40,47.74,-39.6,-77.9,222.0,406
13.580,-35.53,32.11,47.89,137.9,-66.7,250.5,407,35.53,-32.11,47.89,-42.1,-66.7,250.5,407
13.614,-34.40,33.24,47.83,136.0,-58.6,244.7,408,34.40,-33.24,47.83,-44.0,-58.6,244.7,408
13.647,-33.22,34.41,47.83,134.0,-53.1,267.6,409,33.22,-34.41,47.83,-46.0,-53.1,267.6,409
13.680,-32.30,35.32,47.86,132.4,-39.5,333.4,410,32.30,-35.32,47.86,-47.6,-39.5,333.4,410
13.714,-31.53,35.82,47.72,131.4,-30.2,326.1,411,31.53,-35.82,47.72,-48.6,-30.2,326.1,411
13.747,-30.96,36.33,47.73,130.4,-19.2,359.9,412,30.96,-36.33,47.73,-49.6,-19.2,359.9,412
13.780,-30.75,36.55,47.76,130.1,-5.0,388.8,413,30.75,-36.55,47.76,-49.9,-5.0,388.8,413
13.814,-30.79,36.56,47.80,130.1,6.4,352.3,414,30.79,-36.56,47.80,-49.9,6.4,352.3,414
13.847,-31.05,36.36,47.81,130.5,18.4,375.7,415,31.05,-36.36,47.81,-49.5,18.4,375.7,415
13.881,-31.56,35.89,47.79,131.3,31.5,338.0,416,31.56,-35.89,47.79,-48.7,31.5,338.0,416
13.914,-32.31,35.13,47.73,132.6,41.5,282.5,417,32.31,-35.13,47.73,-47.4,41.5,282.5,417
13.947,-33.21,34.27,47.72,134.1,49.6,247.8,418,33.21,-34.27,47.72,-45.9,49.6,247.8,418
13.981,-34.34,33.27,47.81,135.9,58.4,288.9,419,34.34,-33.27,47.81,-44.1,58.4,288.9,419
14.014,-35.43,31.91,47.68,138.0,68.4,262.7,420,35.43,-31.91,47.68,-42.0,68.4,262.7,420
14.047,-36.76,30.33,47.66,140.5,76.8,147.6,421,36.76,-30.33,47.66,-39.5,76.8,147.6,421
14.081,-38.13,28.61,47.67,143.1,78.2,96.8,422,38.13,-28.61,47.67,-36.9,78.2,96.8,422
14.114,-39.36,26.85,47.65,145.7,82.0,71.4,423,39.36,-26.85,47.65,-34.3,82.0,71.4,423
14.147,-40.79,24.90,47.79,148.6,84.7,6.4,424,40.79,-24.90,47.79,-31.4,84.7,6.4,424
14.181,-41.83,22.85,47.67,151.4,81.4,-45.0,425,41.83,-22.85,47.67,-28.6,81.4,-45.0,425
14.214,-42.88,20.89,47.70,154.0,81.5,-86.6,426,42.88,-20.89,47.70,-26.0,81.5,-86.6,426
14.248,-43.78,18.77,47.63,156.8,77.0,-63.8,427,43.78,-18.77,47.63,-23.2,77.0,-63.8,427
14.281,-44.57,16.97,47.69,159.2,74.8,-200.7,428,44.57,-16.97,47.69,-20.8,74.8,-200.7,428
14.314,-45.19,14.88,47.58,161.8,67.1,-230.9,429,45.19,-14.88,47.58,-18.2,67.1,-230.9,429
14.348,-45.70,13.42,47.63,163.6,55.7,-213.2,430,45.70,-13.42,47.63,-16.4,55.7,-213.2,430
14.381,-45.97,11.89,47.48,165.5,54.6,-215.8,431,45.97,-11.89,47.48,-14.5,54.6,-215.8,431
14.414,-46.27,10.44,47.43,167.3,42.6,-284.2,432,46.27,-10.44,47.43,-12.7,42.6,-284.2,432
14.448,-46.49,9.598,47.47,168.3,32.5,-407.9,433,46.49,-9.598,47.47,-11.7,32.5,-407.9,433
14.481,-46.66,8.688,47.46,169.5,19.3,-287.1,434,46.66,-8.688,47.46,-10.5,19.3,-287.1,434
14.514,-46.68,8.550,47.45,169.6,8.6,-406.6,435,46.68,-8.550,47.45,-10.4,8.6,-406.6,435
14.548,-46.73,8.219,47.45,170.0,-2.7,-403.4,436,46.73,-8.219,47.45,-10.0,-2.7,-403.4,436
14.581,-46.57,8.681,47.37,169.4,-22.4,-476.0,437,46.57,-8.681,47.37,-10.6,-22.4,-476.0,437
14.615,-46.49,9.431,47.43,168.5,-32.9,-256.1,438,46.49,-9.431,47.43,-11.5,-32.9,-256.1,438
14.648,-46.24,10.47,47.41,167.2,-40.2,-257.9,439,46.24,-10.47,47.41,-12.8,-40.2,-257.9,439
14.681,-45.95,11.59,47.39,165.8,-48.8,-285.6,440,45.95,-11.59,47.39,-14.2,-48.8,-285.6,440
14.715,-45.59,13.08,47.43,164.0,-60.4,-249.9,441,45.59,-13.08,47.43,-16.0,-60.4,-249.9,441
14.748,-45.03,14.79,47.40,161.8,-65.7,-121.9,442,45.03,-14.79,47.40,-18.2,-65.7,-121.9,442
14.781,-44.53,16.55,47.51,159.6,-67.8,-126.6,443,44.53,-16.55,47.51,-20.4,-67.8,-126.6,443
14.815,-43.96,18.39,47.65,157.3,-73.8,-71.1,444,43.96,-18.39,47.65,-22.7,-73.8,-71.1,444
14.848,-43.05,20.37,47.62,154.7,-74.2,-22.4,445,43.05,-20.37,47.62,-25.3,-74.2,-22.4,445
14.882,-42.21,22.12,47.65,152.3,-73.1,-93.9,446,42.21,-22.12,47.65,-27.7,-73.1,-93.9,446
14.915,-41.19,23.96,47.65,149.8,-81.2,-34.6,447,41.19,-23.96,47.65,-30.2,-81.2,-34.6,447
14.948,-40.01,26.06,47.75,146.9,-77.7,141.5,448,40.01,-26.06,47.75,-33.1,-77.7,141.5,448
14.982,-38.94,27.65,47.76,144.6,-68.6,226.8,449,38.94,-27.65,47.76,-35.4,-68.6,226.8,449
15.015,-37.77,29.14,47.71,142.4,-64.2,148.9,450,37.77,-29.14,47.71,-37.6,-64.2,148.9,450
15.048,-36.75,30.47,47.74,140.3,-57.9,172.3,451,36.75,-30.47,47.74,-39.7,-57.9,172.3,451
15.082,-35.76,31.66,47.76,138.5,-53.0,219.0,452,35.76,-31.66,47.76,-41.5,-53.0,219.0,452
15.115,-34.83,32.70,47.77,136.8,-43.8,250.9,453,34.83,-32.70,47.77,-43.2,-43.8,250.9,453
15.148,-34.17,33.51,47.86,135.6,-35.0,249.8,454,34.17,-33.51,47.86,-44.4,-35.0,249.8,454
15.182,-33.60,34.23,47.96,134.5,-28.1,299.2,455,33.60,-34.23,47.96,-45.5,-28.1,299.2,455
15.215,-33.13,34.69,47.98,133.7,-15.2,349.4,456,33.13,-34.69,47.98,-46.3,-15.2,349.4,456
15.249,-33.01,34.85,48.00,133.4,-3.6,347.1,457,33.01,-34.85,48.00,-46.6,-3.6,347.1,457
15.282,-32.93,34.77,47.89,133.4,6.7,294.0,458,32.93,-34.77,47.89,-46.6,6.7,294.0,458
15.315,-33.22,34.52,47.91,133.9,17.0,304.2,459,33.22,-34.52,47.91,-46.1,17.0,304.2,459
15.349,-33.67,34.17,47.97,134.6,26.2,272.2,460,33.67,-34.17,47.97,-45.4,26.2,272.2,460
15.382,-34.20,33.44,47.82,135.6,35.8,278.3,461,34.20,-33.44,47.82,-44.4,35.8,278.3,461
15.415,-34.98,32.66,47.85,137.0,44.4,211.7,462,34.98,-32.66,47.85,-43.0,44.4,211.7,462
15.449,-35.88,31.63,47.84,138.6,50.5,203.6,463,35.88,-31.63,47.84,-41.4,50.5,203.6,463
15.482,-36.87,30.56,47.89,140.3,57.0,169.6,464,36.87,-30.56,47.89,-39.7,57.0,169.6,464
15.515,-37.93,29.20,47.87,142.4,62.9,150.3,465,37.93,-29.20,47.87,-37.6,62.9,150.3,465
15.549,-38.92,27.72,47.78,144.5,66.2,74.2,466,38.92,-27.72,47.78,-35.5,66.2,74.2,466
15.582,-40.07,26.19,47.87,146.8,68.4,50.6,467,40.07,-26.19,47.87,-33.2,68.4,50.6,467
15.616,-40.98,24.52,47.76,149.1,69.1,29.8,468,40.98,-24.52,47.76,-30.9,69.1,29.8,468
15.649,-41.91,22.82,47.72,151.4,70.6,58.3,469,41.91,-22.82,47.72,-28.6,70.6,58.3,469
15.682,-42.80,21.05,47.70,153.8,72.8,-54.7,470,42.80,-21.05,47.70,-26.2,72.8,-54.7,470
15.716,-43.73,19.20,47.75,156.3,68.2,-152.1,471,43.73,-19.20,47.75,-23.7,68.2,-152.1,471
15.749,-44.35,17.59,47.71,158.4,60.9,-155.2,472,44.35,-17.59,47.71,-21.6,60.9,-155.2,472
15.782,-44.90,16.02,47.67,160.4,58.6,-111.0,473,44.90,-16.02,47.67,-19.6,58.6,-111.0,473
15.816,-45.35,14.50,47.61,162.3,53.8,-258.8,474,45.35,-14.50,47.61,-17.7,53.8,-258.8,474
15.849,-45.77,13.17,47.63,163.9,41.6,-321.1,475,45.77,-13.17,47.63,-16.1,41.6,-321.1,475
15.883,-46.02,12.29,47.63,165.1,30.8,-228.4,476,46.02,-12.29,47.63,-14.9,30.8,-228.4,476
15.916,-46.10,11.49,47.51,166.0,27.1,-182.1,477,46.10,-11.49,47.51,-14.0,27.1,-182.1,477
15.949,-46.25,10.79,47.49,166.9,19.5,-327.5,478,46.25,-10.79,47.49,-13.1,19.5,-327.5,478
15.983,-46.26,10.42,47.42,167.3,4.8,-354.6,479,46.26,-10.42,47.42,-12.7,4.8,-354.6,479
16.016,-46.30,10.53,47.48,167.2,-5.4,-286.9,480,46.30,-10.53,47.48,-12.8,-5.4,-286.9,480
16.049,-46.29,10.74,47.52,166.9,-12.9,-346.4,481,46.29,-10.74,47.52,-13.1,-12.9,-346.4,481
16.083,-46.20,11.24,47.55,166.3,-28.4,-292.8,482,46.20,-11.24,47.55,-13.7,-28.4,-292.8,482
16.116,-46.07,12.30,47.69,165.0,-34.9,-214.4,483,46.07,-12.30,47.69,-15.0,-34.9,-214.4,483
16.149,-45.82,13.14,47.67,164.0,-39.2,-217.5,484,45.82,-13.14,47.67,-16.0,-39.2,-217.5,484
16.183,-45.39,14.37,47.61,162.4,-51.5,-250.9,485,45.39,-14.37,47.61,-17.6,-51.5,-250.9,485
16.216,-44.94,15.86,47.65,160.6,-56.2,-110.4,486,44.94,-15.86,47.65,-19.4,-56.2,-110.4,486
16.250,-44.50,17.36,47.76,158.7,-58.0,-45.2,487,44.50,-17.36,47.76,-21.3,-58.0,-45.2,487
16.283,-43.85,18.89,47.74,156.7,-59.6,-110.0,488,43.85,-18.89,47.74,-23.3,-59.6,-110.0,488
16.316,-43.10,20.37,47.67,154.7,-64.4,-96.1,489,43.10,-20.37,47.67,-25.3,-64.4,-96.1,489
16.350,-42.45,22.20,47.90,152.4,-67.6,-5.1,490,42.45,-22.20,47.90,-27.6,-67.6,-5.1,490
16.383,-41.53,23.80,47.86,150.2,-63.9,86.6,491,41.53,-23.80,47.86,-29.8,-63.9,86.6,491
16.416,-40.62,25.25,47.83,148.1,-61.5,92.3,492,40.62,-25.25,47.83,-31.9,-61.5,92.3,492
16.450,-39.60,26.63,47.72,146.1,-58.4,98.7,493,39.60,-26.63,47.72,-33.9,-58.4,98.7,493
16.483,-38.76,27.92,47.77,144.2,-54.3,147.5,494,38.76,-27.92,47.77,-35.8,-54.3,147.5,494
16.517,-37.77,29.02,47.63,142.5,-49.2,141.2,495,37.77,-29.02,47.63,-37.5,-49.2,141.2,495
16.550,-36.89,29.93,47.51,141.0,-44.1,182.4,496,36.89,-29.93,47.51,-39.0,-44.1,182.4,496
16.583,-36.21,30.90,47.60,139.5,-37.9,273.3,497,36.21,-30.90,47.60,-40.5,-37.9,273.3,497
16.617,-35.57,31.56,47.56,138.4,-25.7,330.1,498,35.57,-31.56,47.56,-41.6,-25.7,330.1,498
16.650,-35.26,31.96,47.59,137.8,-15.0,231.9,499,35.26,-31.96,47.59,-42.2,-15.0,231.9,499
16.683,-34.96,32.13,47.48,137.4,-10.4,217.7,500,34.96,-32.13,47.48,-42.6,-10.4,217.7,500
16.717,-34.81,32.33,47.51,137.1,-1.7,276.7,501,34.81,-32.33,47.51,-42.9,-1.7,276.7,501
16.750,-34.88,32.18,47.46,137.3,9.5,302.9,502,34.88,-32.18,47.46,-42.7,9.5,302.9,502
16.783,-35.13,31.92,47.47,137.7,17.8,220.2,503,35.13,-31.92,47.47,-42.3,17.8,220.2,503
16.817,-35.58,31.49,47.51,138.5,24.7,242.5,504,35.58,-31.49,47.51,-41.5,24.7,242.5,504
16.850,-36.04,30.90,47.48,139.4,33.1,228.5,505,36.04,-30.90,47.48,-40.6,33.1,228.5,505
16.884,-36.75,30.08,47.49,140.7,41.1,214.3,506,36.75,-30.08,47.49,-39.3,41.1,214.3,506
16.917,-37.53,29.18,47.54,142.1,46.5,109.6,507,37.53,-29.18,47.54,-37.9,46.5,109.6,507
16.950,-38.28,28.01,47.44,143.8,49.3,150.3,508,38.28,-28.01,47.44,-36.2,49.3,150.3,508
16.984,-39.14,26.98,47.54,145.4,54.9,111.8,509,39.14,-26.98,47.54,-34.6,54.9,111.8,509
17.017,-39.98,25.50,47.42,147.5,59.0,16.4,510,39.98,-25.50,47.42,-32.5,59.0,16.4,510
17.050,-40.93,24.24,47.57,149.4,54.7,-47.4,511,40.93,-24.24,47.57,-30.6,54.7,-47.4,511
17.084,-41.58,22.93,47.48,151.1,55.2,-23.4,512,41.58,-22.93,47.48,-28.9,55.2,-23.4,512
17.117,-42.34,21.53,47.50,153.0,54.6,-47.8,513,42.34,-21.53,47.50,-27.0,54.6,-47.8,513
17.150,-42.89,20.21,47.41,154.8,50.9,-80.5,514,42.89,-20.21,47.41,-25.2,50.9,-80.5,514
17.184,-43.55,18.99,47.51,156.4,49.6,-69.7,515,43.55,-18.99,47.51,-23.6,49.6,-69.7,515
17.217,-43.93,17.68,47.35,158.1,46.5,-27.2,516,43.93,-17.68,47.35,-21.9,46.5,-27.2,516
17.251,-44.46,16.58,47.45,159.5,46.8,-172.3,517,44.46,-16.58,47.45,-20.5,46.8,-172.3,517
17.284,-44.86,15.27,47.38,161.2,37.8,-172.9,518,44.86,-15.27,47.38,-18.8,37.8,-172.9,518
17.317,-45.05,14.58,47.35,162.1,30.8,-271.4,519,45.05,-14.58,47.35,-17.9,30.8,-271.4,519
17.351,-45.30,13.63,47.30,163.3,24.3,-234.4,520,45.30,-13.63,47.30,-16.7,24.3,-234.4,520
17.384,-45.37,13.27,47.27,163.7,11.5,-325.8,521,45.37,-13.27,47.27,-16.3,11.5,-325.8,521
17.417,-45.49,13.02,47.32,164.0,4.5,-168.3,522,45.49,-13.02,47.32,-16.0,4.5,-168.3,522
17.451,-45.50,13.05,47.34,164.0,-1.0,-206.5,523,45.50,-13.05,47.34,-16.0,-1.0,-206.5,523
17.484,-45.48,13.08,47.32,164.0,-7.6,-260.6,524,45.48,-13.08,47.32,-16.0,-7.6,-260.6,524
17.517,-45.37,13.45,47.32,163.5,-19.5,-247.6,525,45.37,-13.45,47.32,-16.5,-19.5,-247.6,525
17.551,-45.20,14.11,47.35,162.7,-24.8,-133.6,526,45.20,-14.11,47.35,-17.3,-24.8,-133.6,526
17.584,-45.01,14.77,47.37,161.8,-27.2,-166.2,527,45.01,-14.77,47.37,-18.2,-27.2,-166.2,527
17.618,-44.76,15.55,47.39,160.8,-35.7,-231.9,528,44.76,-15.55,47.39,-19.2,-35.7,-231.9,528
17.651,-44.40,16.65,47.42,159.4,-43.7,-161.0,529,44.40,-16.65,47.42,-20.6,-43.7,-161.0,529
17.684,-44.07,17.88,47.56,157.9,-46.2,-85.5,530,44.07,-17.88,47.56,-22.1,-46.2,-85.5,530
17.718,-43.47,19.02,47.45,156.4,-48.9,-17.0,531,43.47,-19.02,47.45,-23.6,-48.9,-17.0,531
17.751,-43.03,20.38,47.61,154.7,-48.4,-76.0,532,43.03,-20.38,47.61,-25.3,-48.4,-76.0,532
17.784,-42.33,21.44,47.45,153.1,-51.9,-30.0,533,42.33,-21.44,47.45,-26.9,-51.9,-30.0,533
17.818,-41.68,22.92,47.56,151.2,-53.3,19.5,534,41.68,-22.92,47.56,-28.8,-53.3,19.5,534
17.851,-40.98,24.06,47.52,149.6,-48.2,88.0,535,40.98,-24.06,47.52,-30.4,-48.2,88.0,535
17.885,-40.28,25.19,47.51,148.0,-48.2,87.1,536,40.28,-25.19,47.51,-32.0,-48.2,87.1,536
17.918,-39.68,26.40,47.66,146.4,-43.2,140.8,537,39.68,-26.40,47.66,-33.6,-43.2,140.8,537
17.951,-39.02,27.23,47.58,145.1,-37.4,155.2,538,39.02,-27.23,47.58,-34.9,-37.4,155.2,538
17.985,-38.36,28.00,47.49,143.9,-33.7,144.6,539,38.36,-28.00,47.49,-36.1,-33.7,144.6,539
18.018,-37.91,28.73,47.57,142.8,-27.5,165.8,540,37.91,-28.73,47.57,-37.2,-27.5,165.8,540
18.051,-37.48,29.25,47.54,142.0,-22.4,156.2,541,37.48,-29.25,47.54,-38.0,-22.4,156.2,541
18.085,-37.09,29.67,47.49,141.3,-17.5,149.3,542,37.09,-29.67,47.49,-38.7,-17.5,149.3,542
18.118,-36.80,29.94,47.45,140.9,-12.1,194.1,543,36.80,-29.94,47.45,-39.1,-12.1,194.1,543
18.151,-36.68,30.20,47.52,140.5,-5.0,188.0,544,36.68,-30.20,47.52,-39.5,-5.0,188.0,544
18.185,-36.64,30.17,47.46,140.5,1.3,188.2,545,36.64,-30.17,47.46,-39.5,1.3,188.2,545
18.218,-36.75,30.16,47.54,140.6,6.7,148.3,546,36.75,-30.16,47.54,-39.4,6.7,148.3,546
18.252,-36.91,29.92,47.51,141.0,11.9,175.2,547,36.91,-29.92,47.51,-39.0,11.9,175.2,547
18.285,-37.17,29.65,47.55,141.4,17.6,184.2,548,37.17,-29.65,47.55,-38.6,17.6,184.2,548
18.318,-37.54,29.17,47.54,142.1,24.8,167.3,549,37.54,-29.17,47.54,-37.9,24.8,167.3,549
18.352,-37.97,28.54,47.50,143.1,28.8,112.4,550,37.97,-28.54,47.50,-36.9,28.8,112.4,550
18.385,-38.49,27.90,47.54,144.1,31.9,105.3,551,38.49,-27.90,47.54,-35.9,31.9,105.3,551
18.418,-39.03,27.12,47.52,145.2,36.0,105.6,552,39.03,-27.12,47.52,-34.8,36.0,105.6,552
18.452,-39.55,26.21,47.45,146.5,39.1,70.4,553,39.55,-26.21,47.45,-33.5,39.1,70.4,553
18.485,-40.15,25.28,47.45,147.8,40.6,41.3,554,40.15,-25.28,47.45,-32.2,40.6,41.3,554
18.518,-40.84,24.36,47.56,149.2,41.7,5.0,555,40.84,-24.36,47.56,-30.8,41.7,5.0,555
18.552,-41.42,23.35,47.55,150.6,41.2,-85.5,556,41.42,-23.35,47.55,-29.4,41.2,-85.5,556
18.585,-41.87,22.33,47.45,151.9,36.2,-80.4,557,41.87,-22.33,47.45,-28.1,36.2,-80.4,557
18.619,-42.34,21.57,47.52,153.0,34.6,12.0,558,42.34,-21.57,47.52,-27.0,34.6,12.0,558
18.652,-42.78,20.64,47.50,154.2,38.0,-62.7,559,42.78,-20.64,47.50,-25.8,38.0,-62.7,559
18.685,-43.09,19.59,47.33,155.5,31.5,-106.5,560,43.09,-19.59,47.33,-24.5,31.5,-106.5,560
18.719,-43.37,19.00,47.35,156.3,28.0,-89.0,561,43.37,-19.00,47.35,-23.7,28.0,-89.0,561
18.752,-43.60,18.14,47.22,157.4,28.4,-64.6,562,43.60,-18.14,47.22,-22.6,28.4,-64.6,562
18.785,-43.81,17.49,47.18,158.2,22.3,-144.2,563,43.81,-17.49,47.18,-21.8,22.3,-144.2,563
18.819,-44.02,16.98,47.18,158.9,18.8,-195.1,564,44.02,-16.98,47.18,-21.1,18.8,-195.1,564
18.852,-44.20,16.53,47.19,159.5,10.3,-186.0,565,44.20,-16.53,47.19,-20.5,10.3,-186.0,565
18.886,-44.22,16.45,47.19,159.6,4.3,-192.0,566,44.22,-16.45,47.19,-20.4,4.3,-192.0,566
18.919,-44.25,16.30,47.16,159.8,-0.2,-92.6,567,44.25,-16.30,47.16,-20.2,-0.2,-92.6,567
18.952,-44.23,16.47,47.20,159.6,-4.0,-156.3,568,44.23,-16.47,47.20,-20.4,-4.0,-156.3,568
18.986,-44.21,16.52,47.20,159.5,-8.4,-169.9,569,44.21,-16.52,47.20,-20.5,-8.4,-169.9,569
19.019,-44.10,16.91,47.23,159.0,-17.1,-189.3,570,44.10,-16.91,47.23,-21.0,-17.1,-189.3,570
19.052,-43.95,17.43,47.28,158.4,-20.6,-100.6,571,43.95,-17.43,47.28,-21.6,-20.6,-100.6,571
19.086,-43.72,17.98,47.27,157.6,-23.5,-100.7,572,43.72,-17.98,47.27,-22.4,-23.5,-100.7,572
19.119,-43.53,18.66,47.37,156.8,-27.4,-71.6,573,43.53,-18.66,47.37,-23.2,-27.4,-71.6,573
19.152,-43.12,19.37,47.27,155.8,-28.7,-59.2,574,43.12,-19.37,47.27,-24.2,-28.7,-59.2,574
19.186,-42.87,20.10,47.35,154.9,-30.5,-80.6,575,42.87,-20.10,47.35,-25.1,-30.5,-80.6,575
19.219,-42.45,20.91,47.31,153.8,-34.7,-15.7,576,42.45,-20.91,47.31,-26.2,-34.7,-15.7,576
19.253,-42.03,21.82,47.36,152.6,-32.3,9.5,577,42.03,-21.82,47.36,-27.4,-32.3,9.5,577
19.286,-41.72,22.53,47.42,151.6,-32.1,-2.9,578,41.72,-22.53,47.42,-28.4,-32.1,-2.9,578
19.319,-41.28,23.43,47.47,150.4,-34.4,-19.0,579,41.28,-23.43,47.47,-29.6,-34.4,-19.0,579
19.353,-40.93,24.27,47.58,149.3,-32.4,97.9,580,40.93,-24.27,47.58,-30.7,-32.4,97.9,580
19.386,-40.43,25.01,47.54,148.3,-28.5,26.2,581,40.43,-25.01,47.54,-31.7,-28.5,26.2,581
19.419,-40.07,25.60,47.55,147.4,-29.1,4.9,582,40.07,-25.60,47.55,-32.6,-29.1,4.9,582
19.453,-39.61,26.40,47.60,146.3,-30.3,70.0,583,39.61,-26.40,47.60,-33.7,-30.3,70.0,583
19.486,-39.26,27.07,47.69,145.4,-23.5,162.1,584,39.26,-27.07,47.69,-34.6,-23.5,162.1,584
19.520,-38.84,27.45,47.56,144.7,-18.9,131.3,585,38.84,-27.45,47.56,-35.3,-18.9,131.3,585
19.553,-38.59,27.89,47.61,144.1,-15.4,115.2,586,38.59,-27.89,47.61,-35.9,-15.4,115.2,586
19.586,-38.30,28.11,47.51,143.7,-10.9,146.8,587,38.30,-28.11,47.51,-36.3,-10.9,146.8,587
19.620,-38.28,28.41,47.67,143.4,-5.9,150.5,588,38.28,-28.41,47.67,-36.6,-5.9,150.5,588
19.653,-38.24,28.48,47.68,143.3,-0.6,152.9,589,38.24,-28.48,47.68,-36.7,-0.6,152.9,589
19.686,-38.33,28.49,47.76,143.4,4.2,105.3,590,38.33,-28.49,47.76,-36.6,4.2,105.3,590
19.720,-38.40,28.31,47.71,143.6,6.8,149.1,591,38.40,-28.31,47.71,-36.4,6.8,149.1,591
19.753,-38.62,28.23,47.84,143.8,13.0,134.7,592,38.62,-28.23,47.84,-36.2,13.0,134.7,592
19.786,-38.84,27.74,47.73,144.5,17.7,139.8,593,38.84,-27.74,47.73,-35.5,17.7,139.8,593
19.820,-39.11,27.37,47.74,145.0,20.5,117.2,594,39.11,-27.37,47.74,-35.0,20.5,117.2,594
19.853,-39.46,26.78,47.69,145.8,26.6,148.4,595,39.46,-26.78,47.69,-34.2,26.6,148.4,595
19.887,-39.87,26.10,47.66,146.8,30.1,44.2,596,39.87,-26.10,47.66,-33.2,30.1,44.2,596
19.920,-40.35,25.36,47.65,147.8,30.0,26.4,597,40.35,-25.36,47.65,-32.2,30.0,26.4,597
19.953,-40.76,24.70,47.66,148.8,30.8,32.1,598,40.76,-24.70,47.66,-31.2,30.8,32.1,598
19.987,-41.15,23.85,47.56,149.9,33.1,32.4,599,41.15,-23.85,47.56,-30.1,33.1,32.4,599
20.020,-41.52,23.02,47.47,151.0,32.5,-28.5,600,41.52,-23.02,47.47,-29.0,32.5,-28.5,600
20.053,-41.83,22.17,47.34,152.1,31.3,-5.1,601,41.83,-22.17,47.34,-27.9,31.3,-5.1,601
20.087,-42.32,21.48,47.46,153.1,31.8,7.8,602,42.32,-21.48,47.46,-26.9,31.8,7.8,602
20.120,-42.64,20.62,47.37,154.2,32.4,-80.9,603,42.64,-20.62,47.37,-25.8,32.4,-80.9,603
20.153,-43.11,19.87,47.47,155.3,26.7,-76.2,604,43.11,-19.87,47.47,-24.7,26.7,-76.2,604
20.187,-43.41,19.35,47.53,156.0,25.5,-112.4,605,43.41,-19.35,47.53,-24.0,25.5,-112.4,605
20.220,-43.77,18.62,47.57,157.0,22.0,-137.0,606,43.77,-18.62,47.57,-23.0,22.0,-137.0,606
20.254,-43.91,18.23,47.54,157.4,13.9,-185.1,607,43.91,-18.23,47.54,-22.6,13.9,-185.1,607
20.287,-44.05,17.90,47.54,157.9,10.8,10.4,608,44.05,-17.90,47.54,-22.1,10.8,10.4,608
20.320,-44.21,17.71,47.63,158.2,13.4,-145.1,609,44.21,-17.71,47.63,-21.8,13.4,-145.1,609
20.354,-44.22,17.17,47.43,158.8,4.7,-99.7,610,44.22,-17.17,47.43,-21.2,4.7,-99.7,610
20.387,-44.21,17.43,47.53,158.5,0.8,-219.6,611,44.21,-17.43,47.53,-21.5,0.8,-219.6,611
20.420,-44.25,17.14,47.46,158.8,-3.3,-83.8,612,44.25,-17.14,47.46,-21.2,-3.3,-83.8,612
20.454,-44.18,17.62,47.56,158.3,-10.9,-148.9,613,44.18,-17.62,47.56,-21.7,-10.9,-148.9,613
20.487,-44.02,17.70,47.45,158.1,-9.0,19.7,614,44.02,-17.70,47.45,-21.9,-9.0,19.7,614
20.520,-43.92,18.05,47.49,157.7,-11.9,-182.7,615,43.92,-18.05,47.49,-22.3,-11.9,-182.7,615
20.554,-43.83,18.33,47.51,157.3,-19.0,-115.5,616,43.83,-18.33,47.51,-22.7,-19.0,-115.5,616
20.587,-43.54,19.03,47.52,156.4,-22.8,-171.8,617,43.54,-19.03,47.52,-23.6,-22.8,-171.8,617
20.621,-43.28,19.47,47.46,155.8,-26.7,-5.3,618,43.28,-19.47,47.46,-24.2,-26.7,-5.3,618
20.654,-42.97,20.40,47.57,154.6,-27.4,-58.1,619,42.97,-20.40,47.57,-25.4,-27.4,-58.1,619
20.687,-42.69,20.86,47.51,154.0,-26.2,79.1,620,42.69,-20.86,47.51,-26.0,-26.2,79.1,620
20.721,-42.44,21.75,47.69,152.9,-26.1,-46.7,621,42.44,-21.75,47.69,-27.1,-26.1,-46.7,621
20.754,-42.11,22.19,47.60,152.2,-25.5,11.2,622,42.11,-22.19,47.60,-27.8,-25.5,11.2,622
20.787,-41.77,23.00,47.69,151.2,-28.6,-55.7,623,41.77,-23.00,47.69,-28.8,-28.6,-55.7,623
20.821,-41.43,23.62,47.69,150.3,-27.2,32.4,624,41.43,-23.62,47.69,-29.7,-27.2,32.4,624
20.854,-41.00,24.30,47.66,149.3,-27.5,58.2,625,41.00,-24.30,47.66,-30.7,-27.5,58.2,625
20.888,-40.69,24.96,47.73,148.5,-23.1,163.3,626,40.69,-24.96,47.73,-31.5,-23.1,163.3,626
20.921,-40.34,25.40,47.67,147.8,-16.5,85.5,627,40.34,-25.40,47.67,-32.2,-16.5,85.5,627
20.954,-40.20,25.74,47.73,147.4,-16.3,40.1,628,40.20,-25.74,47.73,-32.6,-16.3,40.1,628
20.988,-39.86,26.17,47.69,146.7,-15.8,80.9,629,39.86,-26.17,47.69,-33.3,-15.8,80.9,629
21.021,-39.73,26.48,47.75,146.3,-9.7,162.6,630,39.73,-26.48,47.75,-33.7,-9.7,162.6,630
21.054,-39.68,26.69,47.82,146.1,-5.2,119.6,631,39.68,-26.69,47.82,-33.9,-5.2,119.6,631
21.088,-39.64,26.77,47.83,146.0,-1.6,79.8,632,39.64,-26.77,47.83,-34.0,-1.6,79.8,632
21.121,-39.67,26.79,47.87,146.0,0.2,76.1,633,39.67,-26.79,47.87,-34.0,0.2,76.1,633
21.154,-39.66,26.77,47.85,146.0,3.0,62.4,634,39.66,-26.77,47.85,-34.0,3.0,62.4,634
21.188,-39.74,26.64,47.84,146.2,5.1,47.0,635,39.74,-26.64,47.84,-33.8,5.1,47.0,635
21.221,-39.82,26.54,47.86,146.3,5.6,35.6,636,39.82,-26.54,47.86,-33.7,5.6,35.6,636
21.255,-39.91,26.38,47.84,146.5,7.6,114.2,637,39.91,-26.38,47.84,-33.5,7.6,114.2,637
21.288,-40.11,26.22,47.93,146.8,12.8,86.3,638,40.11,-26.22,47.93,-33.2,12.8,86.3,638
21.321,-40.22,25.74,47.75,147.4,14.7,75.2,639,40.22,-25.74,47.75,-32.6,14.7,75.2,639
21.355,-40.50,25.50,47.86,147.8,16.1,30.1,640,40.50,-25.50,47.86,-32.2,16.1,30.1,640
21.388,-40.77,25.02,47.84,148.5,18.2,74.1,641,40.77,-25.02,47.84,-31.5,18.2,74.1,641
21.421,-41.06,24.65,47.89,149.0,19.7,8.4,642,41.06,-24.65,47.89,-31.0,19.7,8.4,642
21.455,-41.30,24.06,47.79,149.8,20.2,-38.6,643,41.30,-24.06,47.79,-30.2,20.2,-38.6,643
21.488,-41.61,23.67,47.87,150.4,16.2,-94.0,644,41.61,-23.67,47.87,-29.6,16.2,-94.0,644
21.521,-41.68,23.24,47.72,150.9,13.9,35.4,645,41.68,-23.24,47.72,-29.1,13.9,35.4,645
21.555,-41.89,22.94,47.76,151.3,17.9,29.5,646,41.89,-22.94,47.76,-28.7,17.9,29.5,646
21.588,-42.02,22.29,47.57,152.1,18.0,41.1,647,42.02,-22.29,47.57,-27.9,18.0,41.1,647
21.622,-42.28,22.01,47.67,152.5,18.0,-56.9,648,42.28,-22.01,47.67,-27.5,18.0,-56.9,648
21.655,-42.42,21.38,47.50,153.3,17.0,-68.4,649,42.42,-21.38,47.50,-26.7,17.0,-68.4,649
21.688,-42.67,21.15,47.62,153.6,11.2,-59.4,650,42.67,-21.15,47.62,-26.4,11.2,-59.4,650
21.722,-42.62,20.79,47.42,154.0,13.4,24.2,651,42.62,-20.79,47.42,-26.0,13.4,24.2,651
21.755,-42.81,20.39,47.42,154.5,13.8,-79.6,652,42.81,-20.39,47.42,-25.5,13.8,-79.6,652
21.788,-43.01,20.13,47.48,154.9,7.8,-136.1,653,43.01,-20.13,47.48,-25.1,7.8,-136.1,653
21.822,-43.01,20.01,47.44,155.0,3.9,-106.8,654,43.01,-20.01,47.44,-25.0,3.9,-106.8,654
21.855,-43.04,19.91,47.42,155.2,1.6,-55.5,655,43.04,-19.91,47.42,-24.8,1.6,-55.5,655
21.889,-43.02,19.92,47.41,155.2,-0.6,-69.0,656,43.02,-19.92,47.41,-24.8,-0.6,-69.0,656
21.922,-43.02,19.93,47.42,155.1,-2.3,-43.9,657,43.02,-19.93,47.42,-24.9,-2.3,-43.9,657
21.955,-42.98,20.04,47.42,155.0,-4.1,-71.9,658,42.98,-20.04,47.42,-25.0,-4.1,-71.9,658
21.989,-42.99,20.17,47.49,154.9,-6.4,-162.2,659,42.99,-20.17,47.49,-25.1,-6.4,-162.2,659
22.022,-42.81,20.36,47.40,154.6,-14.8,-107.8,660,42.81,-20.36,47.40,-25.4,-14.8,-107.8,660
22.055,-42.60,20.90,47.45,153.9,-15.7,30.7,661,42.60,-20.90,47.45,-26.1,-15.7,30.7,661
22.089,-42.48,21.16,47.46,153.5,-10.5,105.1,662,42.48,-21.16,47.46,-26.5,-10.5,105.1,662
22.122,-42.37,21.43,47.48,153.2,-9.5,-122.2,663,42.37,-21.43,47.48,-26.8,-9.5,-122.2,663
22.155,-42.28,21.65,47.50,152.9,-17.2,-85.6,664,42.28,-21.65,47.50,-27.1,-17.2,-85.6,664
22.189,-41.96,22.29,47.51,152.0,-18.8,-51.0,665,41.96,-22.29,47.51,-28.0,-18.8,-51.0,665
22.222,-41.84,22.59,47.55,151.6,-16.7,67.8,666,41.84,-22.59,47.55,-28.4,-16.7,67.8,666
22.256,-41.64,23.16,47.65,150.9,-17.3,-33.8,667,41.64,-23.16,47.65,-29.1,-17.3,-33.8,667
22.289,-41.35,23.42,47.52,150.5,-16.5,36.1,668,41.35,-23.42,47.52,-29.5,-16.5,36.1,668
22.322,-41.15,23.94,47.61,149.8,-16.9,52.3,669,41.15,-23.94,47.61,-30.2,-16.9,52.3,669
22.356,-40.86,24.22,47.50,149.3,-11.9,110.3,670,40.86,-24.22,47.50,-30.7,-11.9,110.3,670
22.389,-40.85,24.53,47.65,149.0,-9.5,-22.3,671,40.85,-24.53,47.65,-31.0,-9.5,-22.3,671
22.422,-40.63,24.69,47.54,148.7,-13.0,-15.5,672,40.63,-24.69,47.54,-31.3,-13.0,-15.5,672
22.456,-40.52,25.18,47.71,148.1,-12.4,72.7,673,40.52,-25.18,47.71,-31.9,-12.4,72.7,673
22.489,-40.39,25.35,47.69,147.9,-6.5,148.2,674,40.39,-25.35,47.69,-32.1,-6.5,148.2,674
22.523,-40.37,25.50,47.75,147.7,-3.0,74.6,675,40.37,-25.50,47.75,-32.3,-3.0,74.6,675
22.556,-40.35,25.53,47.75,147.7,-1.1,64.0,676,40.35,-25.53,47.75,-32.3,-1.1,64.0,676
22.589,-40.37,25.58,47.80,147.6,0.6,48.8,677,40.37,-25.58,47.80,-32.4,0.6,48.8,677
22.623,-40.37,25.49,47.74,147.7,2.7,49.1,678,40.37,-25.49,47.74,-32.3,2.7,49.1,678
22.656,-40.45,25.45,47.79,147.8,3.6,42.8,679,40.45,-25.45,47.79,-32.2,3.6,42.8,679
22.689,-40.47,25.32,47.74,148.0,5.6,48.7,680,40.47,-25.32,47.74,-32.0,5.6,48.7,680
22.723,-40.64,25.20,47.82,148.2,7.0,71.6,681,40.64,-25.20,47.82,-31.8,7.0,71.6,681
22.756,-40.66,24.98,47.72,148.4,9.9,57.0,682,40.66,-24.98,47.72,-31.6,9.9,57.0,682
22.789,-40.75,24.63,47.62,148.9,11.6,83.2,683,40.75,-24.63,47.62,-31.1,11.6,83.2,683
22.823,-41.00,24.43,47.73,149.2,14.3,98.1,684,41.00,-24.43,47.73,-30.8,14.3,98.1,684
22.856,-41.23,23.99,47.70,149.8,19.1,-35.4,685,41.23,-23.99,47.70,-30.2,19.1,-35.4,685
22.890,-41.51,23.50,47.70,150.5,12.9,-49.7,686,41.51,-23.50,47.70,-29.5,12.9,-49.7,686
22.923,-41.67,23.41,47.79,150.7,12.5,10.4,687,41.67,-23.41,47.79,-29.3,12.5,10.4,687
22.956,-41.87,22.91,47.73,151.3,17.0,105.0,688,41.87,-22.91,47.73,-28.7,17.0,105.0,688
22.990,-42.12,22.58,47.79,151.8,17.4,-112.2,689,42.12,-22.58,47.79,-28.2,17.4,-112.2,689
23.023,-42.30,22.04,47.70,152.5,11.9,-55.4,690,42.30,-22.04,47.70,-27.5,11.9,-55.4,690
23.056,-42.34,21.95,47.69,152.6,10.0,21.7,691,42.34,-21.95,47.69,-27.4,10.0,21.7,691
23.090,-42.47,21.50,47.61,153.1,16.3,110.6,692,42.47,-21.50,47.61,-26.9,16.3,110.6,692
23.123,-42.67,21.10,47.60,153.7,16.4,-56.7,693,42.67,-21.10,47.60,-26.3,16.4,-56.7,693
23.156,-42.86,20.68,47.58,154.2,13.1,-140.6,694,42.86,-20.68,47.58,-25.8,13.1,-140.6,694
23.190,-42.89,20.40,47.49,154.6,6.5,-116.3,695,42.89,-20.40,47.49,-25.4,6.5,-116.3,695
23.223,-42.96,20.33,47.52,154.7,4.7,-63.4,696,42.96,-20.33,47.52,-25.3,4.7,-63.4,696
23.257,-43.04,20.18,47.53,154.9,3.5,-32.0,697,43.04,-20.18,47.53,-25.1,3.5,-32.0,697
23.290,-42.95,20.11,47.43,154.9,1.5,-85.6,698,42.95,-20.11,47.43,-25.1,1.5,-85.6,698
23.323,-43.04,20.08,47.49,155.0,-1.2,-24.7,699,43.04,-20.08,47.49,-25.0,-1.2,-24.7,699
23.357,-42.92,20.16,47.42,154.8,-1.6,-48.1,700,42.92,-20.16,47.42,-25.2,-1.6,-48.1,700
23.390,-43.02,20.17,47.51,154.9,-2.5,-25.2,701,43.02,-20.17,47.51,-25.1,-2.5,-25.2,701
23.423,-42.90,20.31,47.47,154.7,-5.0,-69.7,702,42.90,-20.31,47.47,-25.3,-5.0,-69.7,702
23.457,-42.88,20.41,47.49,154.5,-5.9,27.6,703,42.88,-20.41,47.49,-25.5,-5.9,27.6,703
23.490,-42.83,20.63,47.54,154.3,-4.5,-25.2,704,42.83,-20.63,47.54,-25.7,-4.5,-25.2,704
23.523,-42.83,20.66,47.56,154.2,-5.6,-141.1,705,42.83,-20.66,47.56,-25.8,-5.6,-141.1,705
23.557,-42.69,20.91,47.54,153.9,-15.1,-153.0,706,42.69,-20.91,47.54,-26.1,-15.1,-153.0,706
23.590,-42.50,21.43,47.60,153.2,-16.9,54.5,707,42.50,-21.43,47.60,-26.8,-16.9,54.5,707
23.624,-42.31,21.77,47.58,152.8,-10.4,40.9,708,42.31,-21.77,47.58,-27.2,-10.4,40.9,708
23.657,-42.32,21.99,47.69,152.5,-12.8,-77.0,709,42.32,-21.99,47.69,-27.5,-12.8,-77.0,709
23.690,-42.11,22.46,47.73,151.9,-17.8,-115.1,710,42.11,-22.46,47.73,-28.1,-17.8,-115.1,710
23.724,-41.85,22.86,47.68,151.4,-19.1,55.9,711,41.85,-22.86,47.68,-28.6,-19.1,55.9,711
23.757,-41.59,23.39,47.72,150.7,-15.6,97.0,712,41.59,-23.39,47.72,-29.3,-15.6,97.0,712
23.790,-41.52,23.67,47.79,150.3,-10.6,21.3,713,41.52,-23.67,47.79,-29.7,-10.6,21.3,713
23.824,-41.25,23.87,47.66,149.9,-14.6,-42.7,714,41.25,-23.87,47.66,-30.1,-14.6,-42.7,714
23.857,-41.06,24.34,47.73,149.3,-14.9,3.3,715,41.06,-24.34,47.73,-30.7,-14.9,3.3,715
23.891,-40.90,24.63,47.74,148.9,-12.8,125.4,716,40.90,-24.63,47.74,-31.1,-12.8,125.4,716
23.924,-40.73,24.98,47.77,148.5,-8.1,65.9,717,40.73,-24.98,47.77,-31.5,-8.1,65.9,717
23.957,-40.60,24.97,47.67,148.4,-6.0,79.8,718,40.60,-24.97,47.67,-31.6,-6.0,79.8,718
23.991,-40.57,25.28,47.80,148.1,-5.4,42.9,719,40.57,-25.28,47.80,-31.9,-5.4,42.9,719
24.024,-40.54,25.28,47.78,148.0,-1.3,99.9,720,40.54,-25.28,47.78,-32.0,-1.3,99.9,720
24.057,-40.48,25.30,47.74,148.0,0.3,33.7,721,40.48,-25.30,47.74,-32.0,0.3,33.7,721
24.091,-40.48,25.23,47.70,148.1,1.6,42.1,722,40.48,-25.23,47.70,-31.9,1.6,42.1,722
24.124,-40.46,25.18,47.65,148.1,2.4,20.6,723,40.46,-25.18,47.65,-31.9,2.4,20.6,723
24.157,-40.52,25.10,47.66,148.2,3.5,18.1,724,40.52,-25.10,47.66,-31.8,3.5,18.1,724
24.191,-40.49,24.97,47.57,148.3,3.4,-4.0,725,40.49,-24.97,47.57,-31.7,3.4,-4.0,725
24.224,-40.53,24.88,47.56,148.5,3.3,34.6,726,40.53,-24.88,47.56,-31.5,3.3,34.6,726
24.258,-40.60,24.82,47.59,148.6,5.3,126.2,727,40.60,-24.82,47.59,-31.4,5.3,126.2,727
24.291,-40.68,24.63,47.55,148.8,11.8,104.1,728,40.68,-24.63,47.55,-31.2,11.8,104.1,728
24.324,-40.91,24.25,47.55,149.3,13.6,6.7,729,40.91,-24.25,47.55,-30.7,13.6,6.7,729
24.358,-41.06,23.98,47.55,149.7,10.9,-30.2,730,41.06,-23.98,47.55,-30.3,10.9,-30.2,730
24.391,-41.10,23.66,47.43,150.1,11.7,42.4,731,41.10,-23.66,47.43,-29.9,11.7,42.4,731
24.424,-41.23,23.33,47.38,150.5,13.9,92.6,732,41.23,-23.33,47.38,-29.5,13.9,92.6,732
24.458,-41.45,22.98,47.39,151.0,17.7,38.3,733,41.45,-22.98,47.39,-29.0,17.7,38.3,733
24.491,-41.69,22.47,47.36,151.7,17.5,-86.5,734,41.69,-22.47,47.36,-28.3,17.5,-86.5,734
24.524,-41.96,22.16,47.45,152.2,11.2,-100.8,735,41.96,-22.16,47.45,-27.8,11.2,-100.8,735
24.558,-42.00,21.93,47.38,152.4,9.9,47.1,736,42.00,-21.93,47.38,-27.6,9.9,47.1,736
24.591,-42.18,21.66,47.42,152.8,15.0,63.7,737,42.18,-21.66,47.42,-27.2,15.0,63.7,737
24.625,-42.37,21.19,47.37,153.4,15.1,-119.9,738,42.37,-21.19,47.37,-26.6,15.1,-119.9,738
24.658,-42.58,20.92,47.44,153.8,6.5,-127.6,739,42.58,-20.92,47.44,-26.2,6.5,-127.6,739
24.691,-42.46,20.84,47.30,153.9,4.8,10.5,740,42.46,-20.84,47.30,-26.1,4.8,10.5,740
24.725,-42.63,20.65,47.37,154.2,9.2,-46.4,741,42.63,-20.65,47.37,-25.8,9.2,-46.4,741
24.758,-42.70,20.39,47.32,154.5,2.3,-90.9,742,42.70,-20.39,47.32,-25.5,2.3,-90.9,742
24.791,-42.69,20.54,47.38,154.3,0.2,-59.1,743,42.69,-20.54,47.38,-25.7,0.2,-59.1,743
24.825,-42.74,20.39,47.35,154.5,1.4,-4.8,744,42.74,-20.39,47.35,-25.5,1.4,-4.8,744
24.858,-42.71,20.46,47.35,154.4,-2.1,-79.7,745,42.71,-20.46,47.35,-25.6,-2.1,-79.7,745
24.892,-42.76,20.53,47.44,154.4,-3.0,-24.0,746,42.76,-20.53,47.44,-25.6,-3.0,-24.0,746
24.925,-42.76,20.67,47.49,154.2,-4.2,-12.2,747,42.76,-20.67,47.49,-25.8,-4.2,-12.2,747
24.958,-42.78,20.80,47.57,154.1,-3.6,-141.1,748,42.78,-20.80,47.57,-25.9,-3.6,-141.1,748
24.992,-42.77,20.89,47.60,154.0,-12.2,-109.3,749,42.77,-20.89,47.60,-26.0,-12.2,-109.3,749
25.025,-42.44,21.39,47.53,153.3,-14.5,-15.3,750,42.44,-21.39,47.53,-26.7,-14.5,-15.3,750
25.058,-42.39,21.60,47.57,153.0,-9.7,-33.3,751,42.39,-21.60,47.57,-27.0,-9.7,-33.3,751
25.092,-42.21,21.87,47.54,152.6,-17.4,-111.6,752,42.21,-21.87,47.54,-27.4,-17.4,-111.6,752
25.125,-41.98,22.47,47.61,151.8,-19.1,63.0,753,41.98,-22.47,47.61,-28.2,-19.1,63.0,753
25.158,-41.75,22.83,47.59,151.3,-11.7,74.8,754,41.75,-22.83,47.59,-28.7,-11.7,74.8,754
25.192,-41.71,23.07,47.66,151.1,-13.1,-24.0,755,41.71,-23.07,47.66,-28.9,-13.1,-24.0,755
25.225,-41.54,23.54,47.75,150.5,-15.4,-73.0,756,41.54,-23.54,47.75,-29.5,-15.4,-73.0,756
25.259,-41.27,23.81,47.65,150.0,-16.2,63.3,757,41.27,-23.81,47.65,-30.0,-16.2,63.3,757
25.292,-41.06,24.30,47.71,149.4,-13.2,94.8,758,41.06,-24.30,47.71,-30.6,-13.2,94.8,758
25.325,-40.98,24.49,47.74,149.1,-7.7,64.8,759,40.98,-24.49,47.74,-30.9,-7.7,64.8,759
25.359,-40.86,24.68,47.74,148.9,-9.7,95.6,760,40.86,-24.68,47.74,-31.1,-9.7,95.6,760
25.392,-40.69,24.94,47.73,148.5,-2.9,84.1,761,40.69,-24.94,47.73,-31.5,-2.9,84.1,761
25.425,-40.76,24.81,47.72,148.7,-0.6,133.7,762,40.76,-24.81,47.72,-31.3,-0.6,133.7,762
25.459,-40.64,24.95,47.69,148.5,1.9,-8.3,763,40.64,-24.95,47.69,-31.5,1.9,-8.3,763
25.492,-40.78,24.70,47.68,148.8,3.2,84.1,764,40.78,-24.70,47.68,-31.2,3.2,84.1,764
25.526,-40.69,24.77,47.63,148.7,3.2,61.8,765,40.69,-24.77,47.63,-31.3,3.2,61.8,765
25.559,-40.82,24.51,47.62,149.0,10.4,97.0,766,40.82,-24.51,47.62,-31.0,10.4,97.0,766
25.592,-41.03,24.30,47.69,149.4,8.9,-31.3,767,41.03,-24.30,47.69,-30.6,8.9,-31.3,767
25.626,-41.08,24.09,47.62,149.6,7.8,49.8,768,41.08,-24.09,47.62,-30.4,7.8,49.8,768
25.659,-41.16,23.87,47.58,149.9,12.0,80.8,769,41.16,-23.87,47.58,-30.1,12.0,80.8,769
25.692,-41.33,23.47,47.53,150.4,14.4,-8.6,770,41.33,-23.47,47.53,-29.6,14.4,-8.6,770
25.726,-41.57,23.19,47.61,150.8,10.8,-61.9,771,41.57,-23.19,47.61,-29.2,10.8,-61.9,771
25.759,-41.63,22.95,47.54,151.1,9.7,73.9,772,41.63,-22.95,47.54,-28.9,9.7,73.9,772
25.792,-41.78,22.70,47.55,151.5,15.7,84.2,773,41.78,-22.70,47.55,-28.5,15.7,84.2,773
25.826,-41.96,22.14,47.45,152.2,17.1,-52.8,774,41.96,-22.14,47.45,-27.8,17.1,-52.8,774
25.859,-42.16,21.83,47.48,152.6,10.8,-129.8,775,42.16,-21.83,47.48,-27.4,10.8,-129.8,775
25.893,-42.19,21.59,47.40,152.9,8.2,-50.6,776,42.19,-21.59,47.40,-27.1,8.2,-50.6,776
25.926,-42.18,21.33,47.27,153.2,7.9,91.0,777,42.18,-21.33,47.27,-26.8,7.9,91.0,777
25.959,-42.29,21.15,47.28,153.4,13.3,35.6,778,42.29,-21.15,47.28,-26.6,13.3,35.6,778
25.993,-42.47,20.66,47.23,154.1,12.8,-115.6,779,42.47,-20.66,47.23,-25.9,12.8,-115.6,779
26.026,-42.55,20.49,47.22,154.3,3.4,-159.8,780,42.55,-20.49,47.22,-25.7,3.4,-159.8,780
26.059,-42.54,20.48,47.21,154.3,1.9,-65.1,781,42.54,-20.48,47.21,-25.7,1.9,-65.1,781
26.093,-42.56,20.38,47.19,154.4,0.5,-30.8,782,42.56,-20.38,47.19,-25.6,0.5,-30.8,782
26.126,-42.54,20.45,47.20,154.3,-1.4,-50.4,783,42.54,-20.45,47.20,-25.7,-1.4,-50.4,783
26.159,-42.54,20.46,47.21,154.3,-1.9,-2.1,784,42.54,-20.46,47.21,-25.7,-1.9,-2.1,784
26.193,-42.49,20.54,47.19,154.2,-2.4,-33.9,785,42.49,-20.54,47.19,-25.8,-2.4,-33.9,785
26.226,-42.50,20.59,47.22,154.2,-3.3,-114.9,786,42.50,-20.59,47.22,-25.8,-3.3,-114.9,786
26.260,-42.45,20.73,47.24,154.0,-10.1,3.9,787,42.45,-20.73,47.24,-26.0,-10.1,3.9,787
26.293,-42.22,21.07,47.18,153.5,-5.4,-19.2,788,42.22,-21.07,47.18,-26.5,-5.4,-19.2,788
26.326,-42.27,20.97,47.18,153.6,-6.5,-53.5,789,42.27,-20.97,47.18,-26.4,-6.5,-53.5,789
26.360,-42.11,21.42,47.24,153.0,-13.8,-32.6,790,42.11,-21.42,47.24,-27.0,-13.8,-32.6,790
26.393,-41.97,21.67,47.23,152.7,-6.8,92.8,791,41.97,-21.67,47.23,-27.3,-6.8,92.8,791
26.426,-41.98,21.77,47.29,152.6,-6.5,-103.3,792,41.98,-21.77,47.29,-27.4,-6.5,-103.3,792
26.460,-41.85,22.01,47.29,152.3,-14.6,-124.8,793,41.85,-22.01,47.29,-27.7,-14.6,-124.8,793
26.493,-41.58,22.47,47.26,151.6,-16.1,44.6,794,41.58,-22.47,47.26,-28.4,-16.1,44.6,794
26.526,-41.41,22.78,47.26,151.2,-10.4,115.0,795,41.41,-22.78,47.26,-28.8,-10.4,115.0,795
26.560,-41.40,23.02,47.37,150.9,-8.1,-39.0,796,41.40,-23.02,47.37,-29.1,-8.1,-39.0,796
26.593,-41.29,23.23,47.38,150.6,-12.8,-48.2,797,41.29,-23.23,47.38,-29.4,-12.8,-48.2,797
26.627,-41.07,23.65,47.39,150.1,-13.2,43.0,798,41.07,-23.65,47.39,-29.9,-13.2,43.0,798
26.660,-40.89,23.83,47.32,149.8,-8.2,103.7,799,40.89,-23.83,47.32,-30.2,-8.2,103.7,799
26.693,-40.85,24.05,47.40,149.5,-6.7,62.3,800,40.85,-24.05,47.40,-30.5,-6.7,62.3,800
26.727,-40.79,24.21,47.43,149.3,-4.2,26.7,801,40.79,-24.21,47.43,-30.7,-4.2,26.7,801
26.760,-40.77,24.27,47.45,149.2,-4.3,5.9,802,40.77,-24.27,47.45,-30.8,-4.3,5.9,802
26.793,-40.69,24.42,47.45,149.0,-4.8,17.7,803,40.69,-24.42,47.45,-31.0,-4.8,17.7,803
26.827,-40.72,24.55,47.55,148.9,-2.6,64.0,804,40.72,-24.55,47.55,-31.1,-2.6,64.0,804
26.860,-40.72,24.61,47.58,148.9,-0.6,44.0,805,40.72,-24.61,47.58,-31.1,-0.6,44.0,805
26.894,-40.75,24.61,47.60,148.9,0.5,20.6,806,40.75,-24.61,47.60,-31.1,0.5,20.6,806
26.927,-40.79,24.61,47.64,148.9,0.6,26.4,807,40.79,-24.61,47.64,-31.1,0.6,26.4,807
26.960,-40.82,24.61,47.66,148.9,2.1,24.4,808,40.82,-24.61,47.66,-31.1,2.1,24.4,808
26.994,-40.86,24.52,47.66,149.0,2.8,24.5,809,40.86,-24.52,47.66,-31.0,2.8,24.5,809
27.027,-40.87,24.46,47.63,149.1,3.1,0.6,810,40.87,-24.46,47.63,-30.9,3.1,0.6,810
27.060,-40.98,24.39,47.68,149.2,3.4,29.1,811,40.98,-24.39,47.68,-30.8,3.4,29.1,811
27.094,-40.97,24.31,47.64,149.3,4.4,114.5,812,40.97,-24.31,47.64,-30.7,4.4,114.5,812
27.127,-41.11,24.18,47.69,149.5,11.0,111.0,813,41.11,-24.18,47.69,-30.5,11.0,111.0,813
27.160,-41.32,23.80,47.68,150.1,13.2,-23.0,814,41.32,-23.80,47.68,-29.9,13.2,-23.0,814
27.194,-41.44,23.53,47.66,150.4,8.4,-75.9,815,41.44,-23.53,47.66,-29.6,8.4,-75.9,815
27.227,-41.49,23.36,47.61,150.6,7.6,-43.4,816,41.49,-23.36,47.61,-29.4,7.6,-43.4,816
27.261,-41.66,23.17,47.67,150.9,6.6,24.6,817,41.66,-23.17,47.67,-29.1,6.6,24.6,817
27.294,-41.67,23.04,47.62,151.1,7.8,91.6,818,41.67,-23.04,47.62,-28.9,7.8,91.6,818
27.327,-41.84,22.77,47.64,151.4,13.8,86.3,819,41.84,-22.77,47.64,-28.6,13.8,86.3,819
27.361,-41.95,22.32,47.52,152.0,14.0,-77.0,820,41.95,-22.32,47.52,-28.0,14.0,-77.0,820
27.394,-42.02,21.98,47.42,152.4,8.3,-92.4,821,42.02,-21.98,47.42,-27.6,8.3,-92.4,821
27.427,-42.05,21.86,47.39,152.5,6.8,-51.7,822,42.05,-21.86,47.39,-27.5,6.8,-51.7,822
27.461,-42.21,21.66,47.44,152.8,6.3,-7.3,823,42.21,-21.66,47.44,-27.2,6.3,-7.3,823
27.494,-42.17,21.53,47.35,153.0,5.1,65.1,824,42.17,-21.53,47.35,-27.0,5.1,65.1,824
27.527,-42.22,21.35,47.31,153.2,10.8,67.6,825,42.22,-21.35,47.31,-26.8,10.8,67.6,825
27.561,-42.38,20.96,47.28,153.7,11.2,-50.0,826,42.38,-20.96,47.28,-26.3,11.2,-50.0,826
27.594,-42.52,20.81,47.34,153.9,5.9,-112.4,827,42.52,-20.81,47.34,-26.1,5.9,-112.4,827
27.628,-42.54,20.68,47.30,154.1,4.0,-68.5,828,42.54,-20.68,47.30,-25.9,4.0,-68.5,828
27.661,-42.55,20.58,47.27,154.2,1.6,-57.0,829,42.55,-20.58,47.27,-25.8,1.6,-57.0,829
27.694,-42.53,20.58,47.25,154.2,-0.2,-48.1,830,42.53,-20.58,47.25,-25.8,-0.2,-48.1,830
27.728,-42.53,20.58,47.25,154.2,-1.2,-24.8,831,42.53,-20.58,47.25,-25.8,-1.2,-24.8,831
27.761,-42.55,20.66,47.31,154.1,-2.2,-16.5,832,42.55,-20.66,47.31,-25.9,-2.2,-16.5,832
27.794,-42.49,20.69,47.26,154.0,-2.2,-24.9,833,42.49,-20.69,47.26,-26.0,-2.2,-24.9,833
27.828,-42.47,20.75,47.27,154.0,-3.6,-156.2,834,42.47,-20.75,47.27,-26.0,-3.6,-156.2,834
27.861,-42.40,20.88,47.26,153.8,-12.0,-117.8,835,42.40,-20.88,47.26,-26.2,-12.0,-117.8,835
27.895,-42.13,21.32,47.22,153.2,-14.0,23.6,836,42.13,-21.32,47.22,-26.8,-14.0,23.6,836
27.928,-42.01,21.54,47.21,152.9,-8.2,86.2,837,42.01,-21.54,47.21,-27.1,-8.2,86.2,837
27.961,-41.96,21.74,47.26,152.6,-8.5,-115.7,838,41.96,-21.74,47.26,-27.4,-8.5,-115.7,838
27.995,-41.80,21.96,47.22,152.3,-15.5,-81.7,839,41.80,-21.96,47.22,-27.7,-15.5,-81.7,839
28.028,-41.59,22.51,47.29,151.6,-16.2,37.1,840,41.59,-22.51,47.29,-28.4,-16.2,37.1,840
28.061,-41.43,22.77,47.27,151.2,-10.8,112.7,841,41.43,-22.77,47.27,-28.8,-10.8,112.7,841
28.095,-41.35,23.06,47.34,150.9,-9.5,-55.4,842,41.35,-23.06,47.34,-29.1,-9.5,-55.4,842
28.128,-41.27,23.28,47.39,150.6,-13.5,-36.7,843,41.27,-23.28,47.39,-29.4,-13.5,-36.7,843
28.161,-41.02,23.72,47.39,150.0,-14.2,61.3,844,41.02,-23.72,47.39,-30.0,-14.2,61.3,844
28.195,-40.87,23.95,47.37,149.6,-7.7,102.6,845,40.87,-23.95,47.37,-30.4,-7.7,102.6,845
28.228,-40.85,24.12,47.43,149.4,-7.1,32.8,846,40.85,-24.12,47.43,-30.6,-7.1,32.8,846
28.262,-40.73,24.32,47.44,149.2,-6.5,42.1,847,40.73,-24.32,47.44,-30.8,-6.5,42.1,847
28.295,-40.73,24.47,47.51,149.0,-3.6,76.5,848,40.73,-24.47,47.51,-31.0,-3.6,76.5,848
28.328,-40.73,24.56,47.56,148.9,-1.7,49.2,849,40.73,-24.56,47.56,-31.1,-1.7,49.2,849
28.362,-40.77,24.60,47.61,148.9,-0.2,40.6,850,40.77,-24.60,47.61,-31.1,-0.2,40.6,850
28.395,-40.78,24.60,47.62,148.9,0.9,23.5,851,40.78,-24.60,47.62,-31.1,0.9,23.5,851
28.428,-40.83,24.58,47.66,149.0,1.6,36.9,852,40.83,-24.58,47.66,-31.0,1.6,36.9,852
28.462,-40.85,24.54,47.65,149.0,3.0,14.6,853,40.85,-24.54,47.65,-31.0,3.0,14.6,853
28.495,-40.92,24.44,47.66,149.2,3.1,29.0,854,40.92,-24.44,47.66,-30.8,3.1,29.0,854
28.529,-40.96,24.40,47.67,149.2,4.0,32.8,855,40.96,-24.40,47.67,-30.8,4.0,32.8,855
28.562,-41.06,24.26,47.70,149.4,6.2,85.1,856,41.06,-24.26,47.70,-30.6,6.2,85.1,856
28.595,-41.10,24.09,47.64,149.6,9.0,51.8,857,41.10,-24.09,47.64,-30.4,9.0,51.8,857
28.629,-41.17,23.75,47.53,150.0,10.6,28.5,858,41.17,-23.75,47.53,-30.0,10.6,28.5,858
28.662,-41.43,23.60,47.68,150.3,10.0,-14.0,859,41.43,-23.60,47.68,-29.7,10.0,-14.0,859
28.695,-41.56,23.33,47.66,150.7,10.1,34.2,860,41.56,-23.33,47.66,-29.3,10.1,34.2,860
28.729,-41.64,23.07,47.61,151.0,11.8,-11.1,861,41.64,-23.07,47.61,-29.0,11.8,-11.1,861
28.762,-41.71,22.67,47.47,151.5,10.5,-31.3,862,41.71,-22.67,47.47,-28.5,10.5,-31.3,862
28.795,-41.97,22.58,47.66,151.7,8.3,9.6,863,41.97,-22.58,47.66,-28.3,8.3,9.6,863
28.829,-41.96,22.28,47.51,152.0,11.7,-41.6,864,41.96,-22.28,47.51,-28.0,11.7,-41.6,864
28.862,-42.22,21.98,47.60,152.5,7.0,-19.7,865,42.22,-21.98,47.60,-27.5,7.0,-19.7,865
28.896,-42.28,22.02,47.67,152.5,7.0,-79.1,866,42.28,-22.02,47.67,-27.5,7.0,-79.1,866
28.929,-42.40,21.64,47.60,153.0,5.9,29.8,867,42.40,-21.64,47.60,-27.0,5.9,29.8,867
28.962,-42.41,21.72,47.65,152.9,4.7,-100.2,868,42.41,-21.72,47.65,-27.1,4.7,-100.2,868
28.996,-42.40,21.35,47.47,153.3,3.5,49.3,869,42.40,-21.35,47.47,-26.7,3.5,49.3,869
29.029,-42.38,21.48,47.52,153.1,3.5,-4.9,870,42.38,-21.48,47.52,-26.9,3.5,-4.9,870
29.062,-42.44,21.16,47.43,153.5,7.3,26.8,871,42.44,-21.16,47.43,-26.5,7.3,26.8,871
29.096,-42.45,21.07,47.39,153.6,2.9,-93.4,872,42.45,-21.07,47.39,-26.4,2.9,-93.4,872
29.129,-42.46,20.99,47.36,153.7,1.8,-29.1,873,42.46,-20.99,47.36,-26.3,1.8,-29.1,873
29.162,-42.52,20.99,47.42,153.7,0.7,-32.4,874,42.52,-20.99,47.42,-26.3,0.7,-32.4,874
29.196,-42.47,20.95,47.36,153.7,-0.1,-18.1,875,42.47,-20.95,47.36,-26.3,-0.1,-18.1,875
29.229,-42.47,20.98,47.37,153.7,-0.8,-23.9,876,42.47,-20.98,47.37,-26.3,-0.8,-23.9,876
29.263,-42.48,21.00,47.38,153.7,-1.5,-10.5,877,42.48,-21.00,47.38,-26.3,-1.5,-10.5,877
29.296,-42.44,21.05,47.37,153.6,-1.8,-25.1,878,42.44,-21.05,47.37,-26.4,-1.8,-25.1,878
29.329,-42.43,21.09,47.38,153.6,-2.7,1.0,879,42.43,-21.09,47.38,-26.4,-2.7,1.0,879
29.363,-42.40,21.20,47.40,153.4,-2.4,-26.9,880,42.40,-21.20,47.40,-26.6,-2.4,-26.9,880
29.396,-42.39,21.22,47.40,153.4,-3.4,-16.4,881,42.39,-21.22,47.40,-26.6,-3.4,-16.4,881
29.429,-42.32,21.37,47.41,153.2,-4.7,-30.5,882,42.32,-21.37,47.41,-26.8,-4.7,-30.5,882
29.463,-42.30,21.46,47.43,153.1,-4.5,15.5,883,42.30,-21.46,47.43,-26.9,-4.5,15.5,883
29.496,-42.31,21.65,47.53,152.9,-4.4,-8.8,884,42.31,-21.65,47.53,-27.1,-4.4,-8.8,884
29.529,-42.29,21.73,47.55,152.8,-4.4,-3.3,885,42.29,-21.73,47.55,-27.2,-4.4,-3.3,885
29.563,-42.20,21.86,47.53,152.6,-5.2,-126.9,886,42.20,-21.86,47.53,-27.4,-5.2,-126.9,886
29.596,-42.21,22.02,47.61,152.5,-11.6,-57.0,887,42.21,-22.02,47.61,-27.5,-11.6,-57.0,887
29.630,-42.00,22.48,47.64,151.8,-12.0,39.5,888,42.00,-22.48,47.64,-28.2,-12.0,39.5,888
29.663,-41.93,22.62,47.64,151.7,-6.1,101.4,889,41.93,-22.62,47.64,-28.3,-6.1,101.4,889
29.696,-41.82,22.77,47.62,151.4,-6.3,13.9,890,41.82,-22.77,47.62,-28.6,-6.3,13.9,890
29.730,-41.77,22.93,47.65,151.2,-5.1,47.1,891,41.77,-22.93,47.65,-28.8,-5.1,47.1,891
29.763,-41.76,23.06,47.71,151.1,-3.1,50.9,892,41.76,-23.06,47.71,-28.9,-3.1,50.9,892
29.796,-41.73,23.10,47.69,151.0,-1.6,21.8,893,41.73,-23.10,47.69,-29.0,-1.6,21.8,893
29.830,-41.76,23.16,47.75,151.0,-1.6,14.2,894,41.76,-23.16,47.75,-29.0,-1.6,14.2,894
29.863,-41.75,23.21,47.77,150.9,-1.0,23.3,895,41.75,-23.21,47.77,-29.1,-1.0,23.3,895
29.897,-41.75,23.21,47.77,150.9,0.3,30.0,896,41.75,-23.21,47.77,-29.1,0.3,30.0,896
29.930,-41.79,23.22,47.80,150.9,0.9,5.6,897,41.79,-23.22,47.80,-29.1,0.9,5.6,897
29.963,-41.79,23.18,47.79,151.0,0.8,9.1,898,41.79,-23.18,47.79,-29.0,0.8,9.1,898
29.997,-41.81,23.18,47.81,151.0,1.2,10.6,899,41.81,-23.18,47.81,-29.0,1.2,10.6,899